"IRE.MI.Open","IRE.MI.High","IRE.MI.Low","IRE.MI.Close","IRE.MI.Volume","IRE.MI.Adjusted","Date"
2.77600002288818,2.77600002288818,2.74600005149841,2.75399994850159,1291585,2.02785754203796,2020-01-02
2.75999999046326,2.75999999046326,2.68600010871887,2.72000002861023,2110577,2.0028223991394,2020-01-03
2.70000004768372,2.73799991607666,2.66400003433228,2.73399996757507,1196655,2.01313090324402,2020-01-06
2.73200011253357,2.74600005149841,2.71199989318848,2.71600008010864,1230202,1.99987721443176,2020-01-07
2.71600008010864,2.75399994850159,2.68199992179871,2.73600006103516,2276592,2.01460409164429,2020-01-08
2.75200009346008,2.77999997138977,2.74399995803833,2.7739999294281,1749849,2.04258441925049,2020-01-09
2.76999998092651,2.82399988174438,2.76399993896484,2.82399988174438,3046317,2.07940077781677,2020-01-10
2.83200001716614,2.86800003051758,2.81599998474121,2.86800003051758,2644529,2.11179947853088,2020-01-13
2.86999988555908,2.87800002098083,2.79800009727478,2.81599998474121,3259210,2.07351016998291,2020-01-14
2.82200002670288,2.83200001716614,2.79200005531311,2.82599997520447,2209048,2.08087372779846,2020-01-15
2.82999992370605,2.83599996566772,2.78600001335144,2.81800007820129,1222491,2.0749831199646,2020-01-16
2.8199999332428,2.86999988555908,2.8199999332428,2.8659999370575,1272474,2.11032676696777,2020-01-17
2.84999990463257,2.91199994087219,2.84999990463257,2.90199995040894,1915216,2.13683485984802,2020-01-20
2.90199995040894,2.90199995040894,2.82999992370605,2.86400008201599,1341901,2.10885429382324,2020-01-21
2.86199998855591,2.88800001144409,2.83999991416931,2.88800001144409,1779335,2.12652659416199,2020-01-22
2.86199998855591,2.95600008964539,2.86199998855591,2.95600008964539,2469013,2.17659664154053,2020-01-23
2.96000003814697,2.99600005149841,2.95600008964539,2.99399995803833,1180917,2.20457768440247,2020-01-24
2.95000004768372,3.01200008392334,2.93600010871887,2.98000001907349,1552070,2.19426870346069,2020-01-27
2.99200010299683,3.04999995231628,2.99200010299683,3.04999995231628,1643605,2.2458119392395,2020-01-28
3.02999997138977,3.05599999427795,3.0220000743866,3.04999995231628,1503577,2.2458119392395,2020-01-29
3.04999995231628,3.06200003623962,3.01799988746643,3.0220000743866,1482319,2.22519469261169,2020-01-30
3.01999998092651,3.04399991035461,2.98799991607666,3.00600004196167,2462602,2.21341323852539,2020-01-31
2.99399995803833,3.01999998092651,2.95799994468689,3,1480807,2.20899534225464,2020-02-03
2.99600005149841,3.01600003242493,2.99000000953674,3.01200008392334,1048190,2.21783137321472,2020-02-04
3.01600003242493,3.01799988746643,2.93199992179871,2.99000000953674,2712799,2.20163202285767,2020-02-05
2.99000000953674,3.00399994850159,2.91199994087219,2.99799990653992,3150434,2.20752286911011,2020-02-06
2.99799990653992,3.01600003242493,2.96000003814697,3,2568285,2.20899534225464,2020-02-07
3,3.00399994850159,2.93199992179871,2.95199990272522,2163097,2.17365121841431,2020-02-10
2.96799993515015,3.03399991989136,2.96799993515015,3.03200006484985,2046440,2.23255801200867,2020-02-11
3.03999996185303,3.08200001716614,2.98799991607666,3.01399993896484,2424671,2.21930384635925,2020-02-12
3.01399993896484,3.03399991989136,2.98399996757507,3.00999999046326,979028,2.21635866165161,2020-02-13
3.0239999294281,3.04200005531311,2.98799991607666,2.99200010299683,1301918,2.20310497283936,2020-02-14
2.99399995803833,3.05800008773804,2.98399996757507,3.05200004577637,1198213,2.24728465080261,2020-02-17
3.04800009727478,3.07999992370605,3.03200006484985,3.05200004577637,1407793,2.24728465080261,2020-02-18
3.07999992370605,3.10800004005432,3.05200004577637,3.10599994659424,1360775,2.28704643249512,2020-02-19
3.1159999370575,3.11800003051758,3.06200003623962,3.07200002670288,1677254,2.26201152801514,2020-02-20
3.08800005912781,3.12599992752075,3.04800009727478,3.05599999427795,2086492,2.25023007392883,2020-02-21
2.92400002479553,3.00399994850159,2.86199998855591,2.87199997901917,3956609,2.1147449016571,2020-02-24
2.88000011444092,2.91599988937378,2.82800006866455,2.87400007247925,2516831,2.11621761322021,2020-02-25
2.84800004959106,2.9779999256134,2.79999995231628,2.92400002479553,2257749,2.15303421020508,2020-02-26
2.90599989891052,2.98600006103516,2.8659999370575,2.89400005340576,4212361,2.13094425201416,2020-02-27
2.80999994277954,2.89000010490417,2.76799988746643,2.80399990081787,4497615,2.06467437744141,2020-02-28
2.81800007820129,2.83999991416931,2.72199988365173,2.75,3492836,2.02491235733032,2020-03-02
2.81399989128113,2.85999989509583,2.7739999294281,2.83599996566772,4205152,2.08823680877686,2020-03-03
2.84200000762939,2.87800002098083,2.76999998092651,2.85599994659424,3574583,2.10296368598938,2020-03-04
2.86400008201599,2.90000009536743,2.80599999427795,2.8199999332428,3942449,2.07645559310913,2020-03-05
2.78800010681152,2.7960000038147,2.67000007629395,2.69199991226196,3308540,1.98220491409302,2020-03-06
2.44199991226196,2.52600002288818,2.42000007629395,2.49399995803833,3201888,1.83641111850739,2020-03-09
2.47000002861023,2.4760000705719,2.24600005149841,2.24600005149841,5352336,1.65380132198334,2020-03-10
2.24200010299683,2.30800008773804,2.19199991226196,2.21799993515015,4728299,1.63318395614624,2020-03-11
2.11999988555908,2.17000007629395,1.88399994373322,1.88399994373322,5608489,1.38724911212921,2020-03-12
1.98800003528595,2.08800005912781,1.86199998855591,1.94099998474121,7074048,1.42921996116638,2020-03-13
1.90199995040894,1.92599999904633,1.75899994373322,1.83599996566772,6322053,1.35190510749817,2020-03-16
1.89999997615814,1.93900001049042,1.74399995803833,1.83399999141693,5017178,1.35043251514435,2020-03-17
1.79999995231628,1.87999999523163,1.76999998092651,1.76999998092651,2145868,1.30330729484558,2020-03-18
1.77499997615814,1.90900003910065,1.73300004005432,1.85300004482269,5937191,1.36442279815674,2020-03-19
1.88699996471405,2.07399988174438,1.79499995708466,1.79499995708466,4552671,1.32171547412872,2020-03-20
1.79999995231628,1.84200000762939,1.70200002193451,1.78600001335144,2617307,1.3150886297226,2020-03-23
1.7960000038147,1.91999995708466,1.7960000038147,1.90900003910065,3847537,1.40565741062164,2020-03-24
2,2.04999995231628,1.85199999809265,1.87100005149841,3291739,1.37767684459686,2020-03-25
1.95000004768372,2.09800004959106,1.89600002765656,2.02999997138977,3632484,1.49475347995758,2020-03-26
2.03200006484985,2.08400011062622,1.99699997901917,2.04999995231628,4163515,1.50948011875153,2020-03-27
2.11400008201599,2.18199992179871,1.99100005626678,2.15000009536743,2196558,1.58311331272125,2020-03-30
2.17799997329712,2.31200003623962,2.16799998283386,2.25,6104607,1.65674662590027,2020-03-31
2.1800000667572,2.24799990653992,2.10599994659424,2.10599994659424,3404923,1.55071473121643,2020-04-01
2.13599991798401,2.16799998283386,2.07999992370605,2.10199999809265,2380036,1.5477694272995,2020-04-02
2.11999988555908,2.11999988555908,2.02800011634827,2.02999997138977,2673859,1.49475347995758,2020-04-03
2.10999989509583,2.10999989509583,2.06399989128113,2.08599996566772,1987326,1.53598821163177,2020-04-06
2.14000010490417,2.17600011825562,2.10599994659424,2.12199997901917,2398502,1.56249594688416,2020-04-07
2.11999988555908,2.16000008583069,2.10999989509583,2.11999988555908,1588979,1.56102335453033,2020-04-08
2.16799998283386,2.20199990272522,2.10999989509583,2.10999989509583,1928354,1.55366003513336,2020-04-09
2.14000010490417,2.16199994087219,2.10599994659424,2.12199997901917,2215283,1.56249594688416,2020-04-14
2.13599991798401,2.15199995040894,2.05399990081787,2.10400009155273,4510727,1.54924213886261,2020-04-15
2.08599996566772,2.15199995040894,2.08200001716614,2.09400010108948,1814547,1.54187893867493,2020-04-16
2.09999990463257,2.14000010490417,2.09400010108948,2.11999988555908,1543880,1.56102335453033,2020-04-17
2.17000007629395,2.18199992179871,2.12800002098083,2.14800000190735,1112991,1.58164048194885,2020-04-20
2.12599992752075,2.21399998664856,2.12599992752075,2.17600011825562,1874432,1.60225808620453,2020-04-21
2.21600008010864,2.22000002861023,2.17600011825562,2.20600008964539,1164051,1.62434792518616,2020-04-22
2.22000002861023,2.23399996757507,2.17799997329712,2.19000005722046,1761893,1.61256670951843,2020-04-23
2.19000005722046,2.22399997711182,2.16000008583069,2.19600009918213,837700,1.61698472499847,2020-04-24
2.22000002861023,2.24000000953674,2.19799995422363,2.2039999961853,1082234,1.62287521362305,2020-04-27
2.21199989318848,2.25999999046326,2.2039999961853,2.23600006103516,1719332,1.64643788337708,2020-04-28
2.24399995803833,2.2720000743866,2.21199989318848,2.24799990653992,1477054,1.65527391433716,2020-04-29
2.26399993896484,2.26799988746643,2.20600008964539,2.25,1925244,1.65674662590027,2020-04-30
2.2260000705719,2.29999995231628,2.21600008010864,2.24799990653992,1791850,1.65527391433716,2020-05-04
2.26799988746643,2.29399991035461,2.25200009346008,2.27600002288818,1882041,1.67589116096497,2020-05-05
2.28999996185303,2.28999996185303,2.25200009346008,2.26399993896484,1316583,1.66705513000488,2020-05-06
2.2739999294281,2.2739999294281,2.23000001907349,2.23200011253357,1338972,1.64349257946014,2020-05-07
2.25,2.28200006484985,2.17199993133545,2.1800000667572,1585079,1.60520339012146,2020-05-08
2.19600009918213,2.19600009918213,2.11999988555908,2.12199997901917,2046524,1.56249594688416,2020-05-11
2.15199995040894,2.19400000572205,2.14000010490417,2.14000010490417,1583585,1.57575023174286,2020-05-12
2.15000009536743,2.18400001525879,2.11999988555908,2.15599989891052,2019918,1.587531208992,2020-05-13
2.17600011825562,2.17600011825562,2.08400011062622,2.1159999370575,2267103,1.55807816982269,2020-05-14
2.14000010490417,2.16000008583069,2.11199998855591,2.13800001144409,1214388,1.57427752017975,2020-05-15
2.17600011825562,2.19799995422363,2.14000010490417,2.15000009536743,1276809,1.58311331272125,2020-05-18
2.1800000667572,2.18799996376038,2.13599991798401,2.14000010490417,2100347,1.57575023174286,2020-05-19
2.13000011444092,2.19000005722046,2.12400007247925,2.19000005722046,2477503,1.61256670951843,2020-05-20
2.16799998283386,2.17799997329712,2.13800001144409,2.16000008583069,1795024,1.5904768705368,2020-05-21
2.17799997329712,2.18400001525879,2.12400007247925,2.17000007629395,1871321,1.59784018993378,2020-05-22
2.20000004768372,2.23000001907349,2.14599990844727,2.23000001907349,1375992,1.64202010631561,2020-05-25
2.23799991607666,2.29200005531311,2.20799994468689,2.26200008392334,2290635,1.66558265686035,2020-05-26
2.25,2.26600003242493,2.19400000572205,2.21199989318848,2578144,1.62876582145691,2020-05-27
2.23799991607666,2.23799991607666,2.17199993133545,2.18799996376038,4641878,1.61109399795532,2020-05-28
2.18600010871887,2.26399993896484,2.17600011825562,2.23600006103516,6398001,1.64643788337708,2020-05-29
2.26399993896484,2.29200005531311,2.23799991607666,2.27999997138977,2617571,1.67883658409119,2020-06-01
2.2960000038147,2.35199999809265,2.28800010681152,2.33400011062622,2013797,1.71859848499298,2020-06-02
2.35599994659424,2.40199995040894,2.35400009155273,2.39800000190735,2827344,1.76572382450104,2020-06-03
2.36800003051758,2.42600011825562,2.36800003051758,2.41400003433228,2762076,1.77750515937805,2020-06-04
2.42799997329712,2.43199992179871,2.36800003051758,2.38800001144409,3132602,1.75836038589478,2020-06-05
2.39000010490417,2.42000007629395,2.37400007247925,2.40000009536743,1966201,1.76719653606415,2020-06-08
2.42000007629395,2.42000007629395,2.32399988174438,2.33599996566772,2710461,1.72007119655609,2020-06-09
2.35599994659424,2.35999989509583,2.30399990081787,2.3199999332428,1929866,1.7082896232605,2020-06-10
2.29999995231628,2.30800008773804,2.23600006103516,2.23600006103516,3008741,1.64643788337708,2020-06-11
2.23200011253357,2.25399994850159,2.20600008964539,2.2260000705719,1915448,1.63907468318939,2020-06-12
2.21199989318848,2.27800011634827,2.16799998283386,2.25200009346008,3958024,1.65821921825409,2020-06-15
2.2960000038147,2.35800004005432,2.26200008392334,2.3199999332428,1814337,1.7082896232605,2020-06-16
2.32999992370605,2.35400009155273,2.29999995231628,2.31599998474121,1921499,1.70534467697144,2020-06-17
2.32800006866455,2.32800006866455,2.2739999294281,2.29999995231628,1066764,1.69356310367584,2020-06-18
2.30399990081787,2.34599995613098,2.28800010681152,2.32399988174438,2636805,1.71123504638672,2020-06-19
2.2279999256134,2.31800007820129,2.21799993515015,2.31800007820129,2988501,1.77756786346436,2020-06-22
2.3199999332428,2.32200002670288,2.26600003242493,2.30599999427795,3148284,1.76836574077606,2020-06-23
2.2960000038147,2.30399990081787,2.2279999256134,2.23600006103516,1631412,1.71468591690063,2020-06-24
2.23000001907349,2.25799989700317,2.19000005722046,2.21399998664856,1871277,1.69781517982483,2020-06-25
2.22199988365173,2.25,2.20199990272522,2.23200011253357,1199579,1.7116185426712,2020-06-26
2.25,2.25,2.18199992179871,2.23799991607666,1313252,1.71621954441071,2020-06-29
2.25,2.25,2.19799995422363,2.20600008964539,2164574,1.69168031215668,2020-06-30
2.22399997711182,2.24600005149841,2.18199992179871,2.22399997711182,1562230,1.70548367500305,2020-07-01
2.24600005149841,2.26200008392334,2.2260000705719,2.25,1936282,1.72542202472687,2020-07-02
2.2720000743866,2.28399991989136,2.24799990653992,2.26200008392334,923801,1.73462426662445,2020-07-03
2.28800010681152,2.30200004577637,2.26399993896484,2.26600003242493,831683,1.73769152164459,2020-07-06
2.26999998092651,2.26999998092651,2.24200010299683,2.25600004196167,1228254,1.73002314567566,2020-07-07
2.24000000953674,2.29800009727478,2.22399997711182,2.23799991607666,1292200,1.71621954441071,2020-07-08
2.24799990653992,2.24799990653992,2.19199991226196,2.20000004768372,1406244,1.68707931041718,2020-07-09
2.20000004768372,2.2039999961853,2.16400003433228,2.19799995422363,1444473,1.68554556369781,2020-07-10
2.19799995422363,2.22199988365173,2.16199994087219,2.18199992179871,1059756,1.67327570915222,2020-07-13
2.17400002479553,2.17400002479553,2.13000011444092,2.16199994087219,1809629,1.65793871879578,2020-07-14
2.18799996376038,2.19000005722046,2.14199995994568,2.15799999237061,1981746,1.65487134456635,2020-07-15
2.15199995040894,2.19799995422363,2.15000009536743,2.19600009918213,1423601,1.68401193618774,2020-07-16
2.19600009918213,2.21399998664856,2.18400001525879,2.20600008964539,1689815,1.69168031215668,2020-07-17
2.21000003814697,2.21600008010864,2.1800000667572,2.21399998664856,1005879,1.69781517982483,2020-07-20
2.20799994468689,2.25600004196167,2.20799994468689,2.22000002861023,1567031,1.70241641998291,2020-07-21
2.23200011253357,2.25,2.21399998664856,2.24600005149841,1225501,1.72235465049744,2020-07-22
2.26600003242493,2.26600003242493,2.22000002861023,2.2260000705719,595071,1.7070175409317,2020-07-23
2.21399998664856,2.2260000705719,2.17000007629395,2.17600011825562,1294974,1.66867482662201,2020-07-24
2.1800000667572,2.19000005722046,2.14599990844727,2.14599990844727,1689997,1.64566898345947,2020-07-27
2.18600010871887,2.18600010871887,2.12199997901917,2.15599989891052,1709567,1.6533374786377,2020-07-28
2.13199996948242,2.17199993133545,2.13199996948242,2.16000008583069,2324631,1.656405210495,2020-07-29
2.16799998283386,2.1800000667572,2.09999990463257,2.12199997901917,3774578,1.62726449966431,2020-07-30
2.11999988555908,2.17199993133545,2.11999988555908,2.1340000629425,3329542,1.63646686077118,2020-07-31
2.12599992752075,2.16199994087219,2.1159999370575,2.14800000190735,1289813,1.64720261096954,2020-08-03
2.15000009536743,2.19400000572205,2.1340000629425,2.17799997329712,2388232,1.67020833492279,2020-08-04
2.16000008583069,2.21000003814697,2.16000008583069,2.17000007629395,2251630,1.66407382488251,2020-08-05
2.17799997329712,2.19400000572205,2.16000008583069,2.18199992179871,2240498,1.67327570915222,2020-08-06
2.19600009918213,2.19600009918213,2.15799999237061,2.19400000572205,1999836,1.68247807025909,2020-08-07
2.20000004768372,2.25200009346008,2.19400000572205,2.25,1575499,1.72542202472687,2020-08-10
2.26200008392334,2.29999995231628,2.25399994850159,2.25399994850159,1913949,1.7284893989563,2020-08-11
2.25200009346008,2.26399993896484,2.22399997711182,2.26399993896484,1279683,1.73615777492523,2020-08-12
2.25999999046326,2.30800008773804,2.25200009346008,2.28999996185303,1808314,1.75609612464905,2020-08-13
2.2960000038147,2.29800009727478,2.22199988365173,2.25200009346008,1085329,1.72695565223694,2020-08-14
2.26399993896484,2.26399993896484,2.22000002861023,2.23799991607666,914550,1.71621954441071,2020-08-17
2.24200010299683,2.24799990653992,2.20199990272522,2.20600008964539,1034845,1.69168031215668,2020-08-18
2.21600008010864,2.25600004196167,2.19799995422363,2.25,1435812,1.72542202472687,2020-08-19
2.2279999256134,2.23799991607666,2.20799994468689,2.21799993515015,1259466,1.70088255405426,2020-08-20
2.20799994468689,2.2260000705719,2.19600009918213,2.22000002861023,911697,1.70241641998291,2020-08-21
2.2039999961853,2.25399994850159,2.2039999961853,2.24399995803833,830221,1.72082078456879,2020-08-24
2.25399994850159,2.27999997138977,2.23600006103516,2.24399995803833,1052814,1.72082078456879,2020-08-25
2.25,2.25,2.19799995422363,2.20799994468689,1199092,1.69321382045746,2020-08-26
2.2039999961853,2.2279999256134,2.18600010871887,2.20799994468689,1113386,1.69321382045746,2020-08-27
2.2279999256134,2.2279999256134,2.18600010871887,2.20000004768372,733371,1.68707931041718,2020-08-28
2.21199989318848,2.2279999256134,2.18199992179871,2.19199991226196,907098,1.68094420433044,2020-08-31
2.21000003814697,2.22000002861023,2.16400003433228,2.1800000667572,1306202,1.67174220085144,2020-09-01
2.1800000667572,2.2260000705719,2.17400002479553,2.22000002861023,1161851,1.70241641998291,2020-09-02
2.21199989318848,2.25600004196167,2.21000003814697,2.21600008010864,813091,1.69934892654419,2020-09-03
2.20799994468689,2.22199988365173,2.17600011825562,2.18799996376038,1376660,1.6778769493103,2020-09-04
2.19400000572205,2.2260000705719,2.1800000667572,2.21799993515015,609729,1.70088255405426,2020-09-07
2.21600008010864,2.2279999256134,2.16599988937378,2.17799997329712,1104913,1.67020833492279,2020-09-08
2.18799996376038,2.25,2.18400001525879,2.24399995803833,2283509,1.72082078456879,2020-09-09
2.23399996757507,2.24200010299683,2.20199990272522,2.20799994468689,1199408,1.69321382045746,2020-09-10
2.21799993515015,2.22399997711182,2.19600009918213,2.20000004768372,549306,1.68707931041718,2020-09-11
2.21600008010864,2.21799993515015,2.19199991226196,2.2039999961853,905590,1.69014656543732,2020-09-14
2.21799993515015,2.23600006103516,2.17799997329712,2.2039999961853,1417724,1.69014656543732,2020-09-15
2.2260000705719,2.23600006103516,2.20000004768372,2.23000001907349,1177087,1.71008503437042,2020-09-16
2.23600006103516,2.26399993896484,2.22199988365173,2.25,1573954,1.72542202472687,2020-09-17
2.24399995803833,2.27600002288818,2.23000001907349,2.23600006103516,1624425,1.71468591690063,2020-09-18
2.22000002861023,2.2279999256134,2.16199994087219,2.21600008010864,1580524,1.69934892654419,2020-09-21
2.2260000705719,2.23000001907349,2.19000005722046,2.19400000572205,753254,1.68247807025909,2020-09-22
2.2260000705719,2.2260000705719,2.19000005722046,2.20799994468689,859550,1.69321382045746,2020-09-23
2.19000005722046,2.21799993515015,2.1800000667572,2.20199990272522,1046314,1.68861293792725,2020-09-24
2.21799993515015,2.21799993515015,2.18799996376038,2.20000004768372,1766868,1.68707931041718,2020-09-25
2.20199990272522,2.26200008392334,2.19199991226196,2.2260000705719,2359679,1.7070175409317,2020-09-28
2.21199989318848,2.2279999256134,2.17799997329712,2.18199992179871,2213604,1.67327570915222,2020-09-29
2.20799994468689,2.25,2.19000005722046,2.19400000572205,2661398,1.68247807025909,2020-09-30
2.22399997711182,2.24000000953674,2.21000003814697,2.2260000705719,1268441,1.7070175409317,2020-10-01
2.22399997711182,2.24000000953674,2.2039999961853,2.23799991607666,1171313,1.71621954441071,2020-10-02
2.25999999046326,2.26999998092651,2.21199989318848,2.21799993515015,1239057,1.70088255405426,2020-10-05
2.23600006103516,2.24799990653992,2.20799994468689,2.21399998664856,1035267,1.69781517982483,2020-10-06
2.2260000705719,2.2260000705719,2.14400005340576,2.16199994087219,3100049,1.65793871879578,2020-10-07
2.17000007629395,2.19000005722046,2.15400004386902,2.15400004386902,1417660,1.65180397033691,2020-10-08
2.15599989891052,2.17000007629395,2.12599992752075,2.15000009536743,1702386,1.64873647689819,2020-10-09
2.15000009536743,2.15599989891052,2.13599991798401,2.15400004386902,1571779,1.65180397033691,2020-10-12
2.16000008583069,2.16599988937378,2.10800004005432,2.11999988555908,1918980,1.62573075294495,2020-10-13
2.13599991798401,2.16199994087219,2.10599994659424,2.15799999237061,1246576,1.65487134456635,2020-10-14
2.14800000190735,2.14800000190735,2.08800005912781,2.11199998855591,1434544,1.61959612369537,2020-10-15
2.12599992752075,2.12599992752075,2.07999992370605,2.08200001716614,2209457,1.59659039974213,2020-10-16
2.09599995613098,2.1159999370575,2.08200001716614,2.08200001716614,1271941,1.59659039974213,2020-10-19
2.08800005912781,2.10400009155273,2.06200003623962,2.07999992370605,1534363,1.59505653381348,2020-10-20
2.1159999370575,2.1159999370575,2.0699999332428,2.0699999332428,1689724,1.58738803863525,2020-10-21
2.08400011062622,2.08400011062622,2.04200005531311,2.05999994277954,1565914,1.57971954345703,2020-10-22
2.05399990081787,2.07599997520447,2.03999996185303,2.05200004577637,1393084,1.57358479499817,2020-10-23
2.02999997138977,2.03999996185303,2.01600003242493,2.01999998092651,1423890,1.54904544353485,2020-10-26
2.02999997138977,2.03399991989136,2.00200009346008,2.0220000743866,1379364,1.55057919025421,2020-10-27
2,2.02800011634827,1.94200003147125,1.9559999704361,3133300,1.49996674060822,2020-10-28
1.97300004959106,1.97599995136261,1.88199996948242,1.932000041008,2571684,1.48156237602234,2020-10-29
1.91999995708466,1.96599996089935,1.91199994087219,1.95099997520447,2039136,1.4961324930191,2020-10-30
1.97099995613098,1.97099995613098,1.932000041008,1.96000003814697,1245253,1.50303435325623,2020-11-02
1.97399997711182,2.00600004196167,1.96099996566772,1.98199999332428,1333194,1.51990497112274,2020-11-03
1.94599997997284,2.01999998092651,1.94400000572205,2.01799988746643,1813472,1.54751181602478,2020-11-04
2.01799988746643,2.04999995231628,2.01600003242493,2.03999996185303,1633039,1.56438255310059,2020-11-05
2.04800009727478,2.05200004577637,1.99300003051758,1.99600005149841,1599701,1.53064095973969,2020-11-06
2.02600002288818,2.11400008201599,2.00999999046326,2.09200000762939,3435368,1.60425901412964,2020-11-09
2.08999991416931,2.10199999809265,2.05800008773804,2.07599997520447,1657646,1.59198927879333,2020-11-10
2.08999991416931,2.08999991416931,2.04800009727478,2.08599996566772,3145121,1.59965789318085,2020-11-11
2.06800007820129,2.11199998855591,2.06599998474121,2.11199998855591,2178298,1.61959612369537,2020-11-12
2.11999988555908,2.11999988555908,2.07599997520447,2.08800005912781,2861894,1.60119152069092,2020-11-13
2.10400009155273,2.11999988555908,2.08599996566772,2.10599994659424,2389670,1.61499488353729,2020-11-16
2.10199999809265,2.10999989509583,2.05599999427795,2.06200003623962,2723337,1.58125329017639,2020-11-17
2.06200003623962,2.07599997520447,2.04800009727478,2.05399990081787,2886435,1.57511830329895,2020-11-18
2.04800009727478,2.08999991416931,2.03600001335144,2.05200004577637,2518293,1.57358479499817,2020-11-19
2.05800008773804,2.10999989509583,2.05599999427795,2.08999991416931,1776426,1.60272514820099,2020-11-20
2.10800004005432,2.13000011444092,2.07999992370605,2.08800005912781,2507213,1.60119152069092,2020-11-23
2.10999989509583,2.11199998855591,2.08999991416931,2.10599994659424,1792613,1.61499488353729,2020-11-24
2.1159999370575,2.17199993133545,2.11199998855591,2.16599988937378,3969402,1.66100609302521,2020-11-25
2.17400002479553,2.26999998092651,2.17400002479553,2.26999998092651,5673539,1.74075901508331,2020-11-26
2.27800011634827,2.3199999332428,2.24600005149841,2.2960000038147,3332847,1.76069712638855,2020-11-27
2.29399991035461,2.29399991035461,2.23600006103516,2.24799990653992,2950814,1.72388827800751,2020-11-30
2.2720000743866,2.2739999294281,2.21000003814697,2.21199989318848,2722062,1.69628131389618,2020-12-01
2.21000003814697,2.21799993515015,2.17000007629395,2.1800000667572,2103941,1.67174220085144,2020-12-02
2.19799995422363,2.19799995422363,2.1340000629425,2.14800000190735,2534396,1.64720261096954,2020-12-03
2.14800000190735,2.17199993133545,2.14599990844727,2.15799999237061,1941885,1.65487134456635,2020-12-04
2.15000009536743,2.16400003433228,2.11999988555908,2.12800002098083,1894893,1.63186573982239,2020-12-07
2.12599992752075,2.1340000629425,2.11199998855591,2.12400007247925,1136333,1.62879836559296,2020-12-08
2.14400005340576,2.15799999237061,2.12599992752075,2.14800000190735,2214240,1.64720261096954,2020-12-09
2.16000008583069,2.16199994087219,2.12800002098083,2.12800002098083,1969863,1.63186573982239,2020-12-10
2.12800002098083,2.13599991798401,2.11199998855591,2.12599992752075,1638974,1.63033187389374,2020-12-11
2.14599990844727,2.14599990844727,2.10999989509583,2.11199998855591,1619447,1.61959612369537,2020-12-14
2.10999989509583,2.1159999370575,2.07200002670288,2.07200002670288,2628878,1.5889219045639,2020-12-15
2.07800006866455,2.10800004005432,2.07399988174438,2.09800004959106,2183803,1.60886013507843,2020-12-16
2.10800004005432,2.10800004005432,2.0699999332428,2.09999990463257,3124951,1.6103937625885,2020-12-17
2.10199999809265,2.11199998855591,2.09599995613098,2.10400009155273,1626505,1.61346125602722,2020-12-18
2.07200002670288,2.08800005912781,2.03999996185303,2.06800007820129,3018899,1.58585453033447,2020-12-21
2.08400011062622,2.11800003051758,2.06599998474121,2.09200000762939,1189282,1.60425901412964,2020-12-22
2.10999989509583,2.11999988555908,2.09400010108948,2.11199998855591,900026,1.61959612369537,2020-12-23
2.11999988555908,2.14800000190735,2.11400008201599,2.13800001144409,881605,1.6395343542099,2020-12-28
2.15000009536743,2.15000009536743,2.12400007247925,2.14199995994568,1334323,1.64260172843933,2020-12-29
2.14199995994568,2.14199995994568,2.11800003051758,2.12599992752075,1362590,1.63033187389374,2020-12-30
2.13800001144409,2.18199992179871,2.12599992752075,2.15599989891052,2160835,1.6533374786377,2021-01-04
2.15599989891052,2.15599989891052,2.13000011444092,2.13199996948242,1329942,1.63493299484253,2021-01-05
2.12400007247925,2.1800000667572,2.12400007247925,2.16400003433228,1444490,1.65947246551514,2021-01-06
2.17199993133545,2.17799997329712,2.15000009536743,2.15000009536743,1667480,1.64873647689819,2021-01-07
2.16000008583069,2.17400002479553,2.1340000629425,2.14800000190735,1828565,1.64720261096954,2021-01-08
2.14599990844727,2.16599988937378,2.13599991798401,2.15799999237061,1600312,1.65487134456635,2021-01-11
2.15799999237061,2.17400002479553,2.14800000190735,2.16400003433228,2253550,1.65947246551514,2021-01-12
2.16599988937378,2.21799993515015,2.15199995040894,2.2039999961853,2065408,1.69014656543732,2021-01-13
2.20199990272522,2.21000003814697,2.16799998283386,2.17400002479553,1965671,1.66714096069336,2021-01-14
2.18199992179871,2.18400001525879,2.14000010490417,2.15599989891052,1836102,1.6533374786377,2021-01-15
2.15000009536743,2.16599988937378,2.13199996948242,2.16599988937378,815099,1.66100609302521,2021-01-18
2.16599988937378,2.16599988937378,2.1159999370575,2.1159999370575,3064149,1.6226634979248,2021-01-19
2.12199997901917,2.15000009536743,2.09999990463257,2.09999990463257,2384596,1.6103937625885,2021-01-20
2.10599994659424,2.12599992752075,2.02600002288818,2.02800011634827,6317095,1.555180311203,2021-01-21
2.02800011634827,2.03399991989136,2.00399994850159,2.02999997138977,2967788,1.55671393871307,2021-01-22
2.04200005531311,2.05800008773804,2.01600003242493,2.03600001335144,2106935,1.56131505966187,2021-01-25
2.03399991989136,2.08999991416931,2.02800011634827,2.08200001716614,2252109,1.59659039974213,2021-01-26
2.08400011062622,2.10599994659424,2.03200006484985,2.0460000038147,3110719,1.56898355484009,2021-01-27
2.03999996185303,2.05999994277954,2.02999997138977,2.04800009727478,1688069,1.57051753997803,2021-01-28
2.03999996185303,2.08400011062622,2.02999997138977,2.03399991989136,2013807,1.55978155136108,2021-01-29
2.05200004577637,2.07200002670288,2.03800010681152,2.05399990081787,1775549,1.57511830329895,2021-02-01
2.05999994277954,2.0699999332428,2.04800009727478,2.06399989128113,2006370,1.58278703689575,2021-02-02
2.08200001716614,2.13199996948242,2.07999992370605,2.09800004959106,4045157,1.60886013507843,2021-02-03
2.10800004005432,2.10999989509583,2.0699999332428,2.09599995613098,2237963,1.60732626914978,2021-02-04
2.10999989509583,2.1340000629425,2.09999990463257,2.13000011444092,2688807,1.63339948654175,2021-02-05
2.13599991798401,2.18600010871887,2.13599991798401,2.16000008583069,3303194,1.656405210495,2021-02-08
2.17000007629395,2.19400000572205,2.15199995040894,2.17600011825562,3820231,1.66867482662201,2021-02-09
2.19400000572205,2.19799995422363,2.15799999237061,2.16599988937378,3249064,1.66100609302521,2021-02-10
2.17000007629395,2.21799993515015,2.17000007629395,2.21399998664856,2428618,1.69781517982483,2021-02-11
2.20600008964539,2.24799990653992,2.2039999961853,2.24600005149841,2884160,1.72235465049744,2021-02-12
2.25,2.25399994850159,2.20199990272522,2.21199989318848,2549982,1.69628131389618,2021-02-15
2.21000003814697,2.22199988365173,2.16599988937378,2.16599988937378,1524679,1.66100609302521,2021-02-16
2.17600011825562,2.17799997329712,2.14199995994568,2.14800000190735,2133731,1.64720261096954,2021-02-17
2.15599989891052,2.16000008583069,2.11199998855591,2.11800003051758,1439477,1.62419700622559,2021-02-18
2.11199998855591,2.11999988555908,2.07200002670288,2.10199999809265,2879084,1.61192750930786,2021-02-19
2.10199999809265,2.10199999809265,2.06399989128113,2.07999992370605,2604781,1.59505653381348,2021-02-22
2.08400011062622,2.08599996566772,2.05399990081787,2.07599997520447,2191248,1.59198927879333,2021-02-23
2.08400011062622,2.10199999809265,2.07200002670288,2.09800004959106,2655683,1.60886013507843,2021-02-24
2.10599994659424,2.1159999370575,2.06399989128113,2.06599998474121,2738131,1.58432066440582,2021-02-25
2.05999994277954,2.07800006866455,2.04200005531311,2.05399990081787,2497268,1.57511830329895,2021-02-26
2.07599997520447,2.09800004959106,2.05999994277954,2.09200000762939,1972305,1.60425901412964,2021-03-01
2.08800005912781,2.10199999809265,2.06200003623962,2.07200002670288,2042389,1.5889219045639,2021-03-02
2.08400011062622,2.08599996566772,2.01999998092651,2.02999997138977,4112609,1.55671393871307,2021-03-03
2.02999997138977,2.05800008773804,2.0220000743866,2.04800009727478,2154717,1.57051753997803,2021-03-04
2.03999996185303,2.05599999427795,2.0220000743866,2.05399990081787,1613660,1.57511830329895,2021-03-05
2.05999994277954,2.09599995613098,2.04800009727478,2.08599996566772,2294152,1.59965789318085,2021-03-08
2.08599996566772,2.1340000629425,2.08400011062622,2.10999989509583,3091525,1.61806225776672,2021-03-09
2.10199999809265,2.14199995994568,2.10199999809265,2.13800001144409,1535106,1.6395343542099,2021-03-10
2.14000010490417,2.16000008583069,2.13800001144409,2.15599989891052,1573912,1.6533374786377,2021-03-11
2.16000008583069,2.16000008583069,2.12800002098083,2.14000010490417,1369207,1.64106810092926,2021-03-12
2.15199995040894,2.16799998283386,2.13800001144409,2.15599989891052,1797147,1.6533374786377,2021-03-15
2.15599989891052,2.17400002479553,2.14800000190735,2.16199994087219,1764920,1.65793871879578,2021-03-16
2.16199994087219,2.17799997329712,2.15799999237061,2.17199993133545,2146277,1.66560733318329,2021-03-17
2.17600011825562,2.1800000667572,2.16000008583069,2.17600011825562,1402151,1.66867482662201,2021-03-18
2.16000008583069,2.18600010871887,2.14800000190735,2.17000007629395,1899843,1.66407382488251,2021-03-19
2.16799998283386,2.19000005722046,2.15799999237061,2.18400001525879,1447686,1.67480957508087,2021-03-22
2.18400001525879,2.25999999046326,2.17400002479553,2.24000000953674,3837000,1.71775341033936,2021-03-23
2.24200010299683,2.25399994850159,2.20199990272522,2.24799990653992,2622661,1.72388827800751,2021-03-24
2.25600004196167,2.30800008773804,2.24399995803833,2.29200005531311,3369865,1.75762975215912,2021-03-25
2.29999995231628,2.41000008583069,2.2960000038147,2.35400009155273,6589626,1.80517482757568,2021-03-26
2.36800003051758,2.39599990844727,2.34999990463257,2.36999988555908,3099312,1.8174444437027,2021-03-29
2.3659999370575,2.39000010490417,2.33599996566772,2.35800004005432,1981542,1.8082423210144,2021-03-30
2.36199998855591,2.38199996948242,2.35199999809265,2.35599994659424,2051772,1.80670857429504,2021-03-31
2.36800003051758,2.37400007247925,2.34400010108948,2.35199999809265,1489389,1.80364108085632,2021-04-01
2.36199998855591,2.39199995994568,2.32200002670288,2.34599995613098,1709993,1.79903960227966,2021-04-06
2.34599995613098,2.35800004005432,2.32599997520447,2.33800005912781,1290758,1.79290521144867,2021-04-07
2.33200001716614,2.37400007247925,2.32999992370605,2.37400007247925,2077575,1.82051169872284,2021-04-08
2.36999988555908,2.36999988555908,2.31599998474121,2.32200002670288,1650896,1.78063535690308,2021-04-09
2.32200002670288,2.35800004005432,2.31399989128113,2.33999991416931,2203420,1.79443895816803,2021-04-12
2.42799997329712,2.44600009918213,2.38599991798401,2.39000010490417,6395024,1.83278155326843,2021-04-13
2.39000010490417,2.39000010490417,2.35400009155273,2.35999989509583,2089205,1.8097757101059,2021-04-14
2.37199997901917,2.37599992752075,2.34800004959106,2.35999989509583,1964417,1.8097757101059,2021-04-15
2.36800003051758,2.39000010490417,2.34999990463257,2.38599991798401,1780986,1.82971405982971,2021-04-16
2.39000010490417,2.43199992179871,2.38599991798401,2.42400002479553,2099604,1.85885453224182,2021-04-19
2.41799998283386,2.42400002479553,2.38800001144409,2.39800000190735,1614418,1.83891654014587,2021-04-20
2.40000009536743,2.41000008583069,2.37800002098083,2.3840000629425,1659665,1.82818043231964,2021-04-21
2.38000011444092,2.44400000572205,2.38000011444092,2.43199992179871,1487076,1.86498951911926,2021-04-22
2.42000007629395,2.45000004768372,2.40599989891052,2.42000007629395,1807160,1.8557870388031,2021-04-23
2.4300000667572,2.45199990272522,2.41000008583069,2.4300000667572,1692929,1.86345601081848,2021-04-26
2.44199991226196,2.44199991226196,2.40199995040894,2.41199994087219,1299347,1.84965217113495,2021-04-27
2.42400002479553,2.44600009918213,2.41199994087219,2.44000005722046,1762564,1.87112426757812,2021-04-28
2.44799995422363,2.48399996757507,2.43400001525879,2.47199988365173,2813144,1.89566349983215,2021-04-29
2.47199988365173,2.49200010299683,2.45000004768372,2.48000001907349,2408811,1.90179836750031,2021-04-30
2.4779999256134,2.50600004196167,2.4779999256134,2.50200009346008,1599988,1.91866934299469,2021-05-03
2.50999999046326,2.5239999294281,2.47199988365173,2.48000001907349,2010988,1.90179836750031,2021-05-04
2.48200011253357,2.51799988746643,2.4760000705719,2.4779999256134,1913030,1.90026450157166,2021-05-05
2.49200010299683,2.52800011634827,2.48399996757507,2.49200010299683,2139075,1.91100084781647,2021-05-06
2.50600004196167,2.54800009727478,2.49000000953674,2.53800010681152,2795094,1.94627606868744,2021-05-07
2.53399991989136,2.54999995231628,2.5239999294281,2.54800009727478,1510203,1.95394456386566,2021-05-10
2.5460000038147,2.5460000038147,2.48200011253357,2.49799990653992,1847369,1.9156014919281,2021-05-11
2.49799990653992,2.5220000743866,2.48799991607666,2.50600004196167,2097941,1.92173683643341,2021-05-12
2.49799990653992,2.52600002288818,2.45799994468689,2.5,2512408,1.91713559627533,2021-05-13
2.51999998092651,2.54200005531311,2.51200008392334,2.5239999294281,1882612,1.93553960323334,2021-05-14
2.52999997138977,2.59400010108948,2.52999997138977,2.57800006866455,3391325,1.97695016860962,2021-05-17
2.59800004959106,2.61400008201599,2.56399989128113,2.57800006866455,2151501,1.97695016860962,2021-05-18
2.56200003623962,2.58400011062622,2.5460000038147,2.55599999427795,2252473,1.96007907390594,2021-05-19
2.57399988174438,2.59999990463257,2.55800008773804,2.59999990463257,3075947,1.99382090568542,2021-05-20
2.59999990463257,2.60199999809265,2.55599999427795,2.56399989128113,3228236,1.96621417999268,2021-05-21
2.56399989128113,2.61800003051758,2.56399989128113,2.6159999370575,2095967,2.00609064102173,2021-05-24
2.62199997901917,2.64599990844727,2.61199998855591,2.61800003051758,2217171,2.00762414932251,2021-05-25
2.62800002098083,2.65799999237061,2.62599992752075,2.62599992752075,1661159,2.01375913619995,2021-05-26
2.62599992752075,2.6340000629425,2.61199998855591,2.61999988555908,1988055,2.00915789604187,2021-05-27
2.61999988555908,2.6340000629425,2.61199998855591,2.62599992752075,1001514,2.01375913619995,2021-05-28
2.59800004959106,2.61199998855591,2.54999995231628,2.55599999427795,3989912,1.96007907390594,2021-05-31
2.56599998474121,2.57200002670288,2.54200005531311,2.55200004577637,3928358,1.9570118188858,2021-06-01
2.55999994277954,2.56200003623962,2.5239999294281,2.55399990081787,1803616,1.95854544639587,2021-06-02
2.55999994277954,2.56800007820129,2.52999997138977,2.56800007820129,2200953,1.9692816734314,2021-06-03
2.57399988174438,2.59200000762939,2.55399990081787,2.57999992370605,1306616,1.97848379611969,2021-06-04
2.58999991416931,2.61999988555908,2.57399988174438,2.61199998855591,2365437,2.00302290916443,2021-06-07
2.60400009155273,2.63000011444092,2.60199999809265,2.62199997901917,1432993,2.01069164276123,2021-06-08
2.62400007247925,2.64400005340576,2.61999988555908,2.63199996948242,1232650,2.01836037635803,2021-06-09
2.64800000190735,2.64800000190735,2.61400008201599,2.61999988555908,955102,2.00915789604187,2021-06-10
2.61999988555908,2.65000009536743,2.60999989509583,2.64599990844727,1616173,2.0290961265564,2021-06-11
2.64599990844727,2.67199993133545,2.64400005340576,2.65199995040894,1336658,2.03369760513306,2021-06-14
2.66400003433228,2.66400003433228,2.63000011444092,2.63000011444092,1113009,2.01682662963867,2021-06-15
2.63000011444092,2.64199995994568,2.62199997901917,2.63199996948242,1318221,2.01836037635803,2021-06-16
2.60999989509583,2.62199997901917,2.57200002670288,2.6159999370575,2312257,2.00609064102173,2021-06-17
2.60999989509583,2.65400004386902,2.60400009155273,2.61999988555908,2896735,2.00915789604187,2021-06-18
2.52999997138977,2.54200005531311,2.50799989700317,2.53399991989136,2628501,2.01631927490234,2021-06-21
2.55999994277954,2.55999994277954,2.50200009346008,2.50799989700317,2608410,1.99563109874725,2021-06-22
2.50600004196167,2.51600003242493,2.46399998664856,2.48000001907349,1937640,1.97335135936737,2021-06-23
2.48799991607666,2.49000000953674,2.46399998664856,2.4779999256134,1472131,1.971759557724,2021-06-24
2.47199988365173,2.47399997711182,2.43600010871887,2.44400000572205,1458393,1.94470584392548,2021-06-25
2.43199992179871,2.44600009918213,2.41000008583069,2.41599988937378,2583477,1.92242586612701,2021-06-28
2.41799998283386,2.43199992179871,2.39800000190735,2.40799999237061,2041556,1.91606020927429,2021-06-29
2.41000008583069,2.41799998283386,2.37599992752075,2.40599989891052,1747466,1.91446888446808,2021-06-30
2.40599989891052,2.41799998283386,2.36800003051758,2.39199995994568,1507634,1.90332901477814,2021-07-01
2.40599989891052,2.42400002479553,2.39000010490417,2.41799998283386,1139810,1.92401742935181,2021-07-02
2.42400002479553,2.42799997329712,2.40000009536743,2.41599988937378,753318,1.92242586612701,2021-07-05
2.41599988937378,2.43199992179871,2.40599989891052,2.42199993133545,880048,1.92720031738281,2021-07-06
2.42600011825562,2.5,2.42400002479553,2.48799991607666,2797131,1.97971677780151,2021-07-07
2.47199988365173,2.48200011253357,2.44000005722046,2.46399998664856,2051168,1.96061992645264,2021-07-08
2.45199990272522,2.4760000705719,2.45199990272522,2.46000003814697,2009144,1.95743727684021,2021-07-09
2.47000002861023,2.4779999256134,2.4539999961853,2.47000002861023,1213840,1.96539413928986,2021-07-12
2.48000001907349,2.48200011253357,2.4539999961853,2.48200011253357,1464817,1.97494268417358,2021-07-13
2.48399996757507,2.50600004196167,2.47199988365173,2.5,1132866,1.98926544189453,2021-07-14
2.5,2.50200009346008,2.47199988365173,2.48000001907349,1581444,1.97335135936737,2021-07-15
2.48600006103516,2.50799989700317,2.47000002861023,2.47399997711182,979081,1.96857690811157,2021-07-16
2.48200011253357,2.48200011253357,2.39599990844727,2.40400004386902,1730215,1.91287732124329,2021-07-19
2.41199994087219,2.4779999256134,2.40199995040894,2.41799998283386,1098945,1.92401742935181,2021-07-20
2.42799997329712,2.45600008964539,2.41400003433228,2.44799995422363,1599029,1.9478884935379,2021-07-21
2.45799994468689,2.49799990653992,2.45199990272522,2.49399995803833,1621020,1.98449099063873,2021-07-22
2.49600005149841,2.55399990081787,2.49399995803833,2.55399990081787,2478906,2.03223347663879,2021-07-23
2.55200004577637,2.55800008773804,2.53200006484985,2.53800010681152,1230271,2.01950240135193,2021-07-26
2.53999996185303,2.57399988174438,2.53999996185303,2.57200002670288,1074406,2.04655623435974,2021-07-27
2.56800007820129,2.60599994659424,2.56800007820129,2.58999991416931,1875624,2.06087851524353,2021-07-28
2.59999990463257,2.59999990463257,2.55399990081787,2.55399990081787,917192,2.03223347663879,2021-07-29
2.5460000038147,2.57999992370605,2.53600001335144,2.56800007820129,1376059,2.04337358474731,2021-07-30
2.58599996566772,2.58999991416931,2.55599999427795,2.57399988174438,974400,2.04814767837524,2021-08-02
2.57999992370605,2.57999992370605,2.53200006484985,2.54399991035461,1292860,2.02427625656128,2021-08-03
2.55200004577637,2.60800004005432,2.50999999046326,2.59200000762939,2821425,2.06247043609619,2021-08-04
2.58800005912781,2.61199998855591,2.56800007820129,2.56800007820129,2344434,2.04337358474731,2021-08-05
2.55999994277954,2.59599995613098,2.55200004577637,2.57200002670288,1536400,2.04655623435974,2021-08-06
2.56399989128113,2.60199999809265,2.56399989128113,2.59800004959106,790318,2.06724452972412,2021-08-09
2.59999990463257,2.60999989509583,2.58599996566772,2.59200000762939,802368,2.06247043609619,2021-08-10
2.60199999809265,2.61400008201599,2.58599996566772,2.61400008201599,728941,2.07997584342957,2021-08-11
2.60400009155273,2.63000011444092,2.60199999809265,2.63000011444092,847832,2.09270715713501,2021-08-12
2.63000011444092,2.65000009536743,2.61999988555908,2.64599990844727,854130,2.10543847084045,2021-08-13
2.63000011444092,2.69000005722046,2.63000011444092,2.68600010871887,1779627,2.13726687431335,2021-08-16
2.69199991226196,2.69600009918213,2.65400004386902,2.69600009918213,981924,2.14522361755371,2021-08-17
2.70000004768372,2.76200008392334,2.69600009918213,2.75,1708325,2.18819165229797,2021-08-18
2.72000002861023,2.76999998092651,2.71000003814697,2.76799988746643,2110796,2.20251441001892,2021-08-19
2.76999998092651,2.76999998092651,2.68600010871887,2.7279999256134,1354672,2.17068600654602,2021-08-20
2.74000000953674,2.76799988746643,2.69400000572205,2.7039999961853,1144553,2.15158915519714,2021-08-23
2.71600008010864,2.71600008010864,2.66400003433228,2.67000007629395,856284,2.12453556060791,2021-08-24
2.6800000667572,2.6800000667572,2.64000010490417,2.66199994087219,1511000,2.1181697845459,2021-08-25
2.67000007629395,2.68199992179871,2.63199996948242,2.64000010490417,1396290,2.10066413879395,2021-08-26
2.6340000629425,2.63599991798401,2.60199999809265,2.61800003051758,1714039,2.08315849304199,2021-08-27
2.61999988555908,2.63599991798401,2.57399988174438,2.60199999809265,2063655,2.07042741775513,2021-08-30
2.61400008201599,2.65000009536743,2.59200000762939,2.61800003051758,1513257,2.08315849304199,2021-08-31
2.62199997901917,2.67600011825562,2.62199997901917,2.65000009536743,1169736,2.10862112045288,2021-09-01
2.66000008583069,2.66000008583069,2.61999988555908,2.62599992752075,889142,2.089524269104,2021-09-02
2.63199996948242,2.63599991798401,2.59200000762939,2.61999988555908,827804,2.0847499370575,2021-09-03
2.63199996948242,2.63199996948242,2.60599994659424,2.62400007247925,614624,2.08793306350708,2021-09-06
2.62400007247925,2.62400007247925,2.59200000762939,2.59599995613098,1089255,2.06565308570862,2021-09-07
2.58999991416931,2.65000009536743,2.57599997520447,2.65000009536743,1344001,2.10862112045288,2021-09-08
2.62800002098083,2.66599988937378,2.62599992752075,2.65000009536743,861141,2.10862112045288,2021-09-09
2.66400003433228,2.66400003433228,2.62199997901917,2.65400004386902,1492889,2.11180400848389,2021-09-10
2.65400004386902,2.71799993515015,2.65400004386902,2.70000004768372,1714948,2.14840650558472,2021-09-13
2.70199990272522,2.70199990272522,2.66199994087219,2.69600009918213,1329621,2.14522361755371,2021-09-14
2.68199992179871,2.71199989318848,2.61999988555908,2.64599990844727,2246743,2.10543847084045,2021-09-15
2.64000010490417,2.66799998283386,2.62199997901917,2.66599988937378,1855637,2.12135243415833,2021-09-16
2.68400001525879,2.69799995422363,2.65400004386902,2.66000008583069,2213819,2.1165783405304,2021-09-17
2.65400004386902,2.66599988937378,2.62599992752075,2.65599989891052,1513954,2.11339545249939,2021-09-20
2.65599989891052,2.7039999961853,2.65199995040894,2.6800000667572,1683040,2.13249254226685,2021-09-21
2.69600009918213,2.70199990272522,2.65799999237061,2.67199993133545,1916398,2.12612652778625,2021-09-22
2.69400000572205,2.70000004768372,2.67799997329712,2.69400000572205,1296408,2.14363217353821,2021-09-23
2.70000004768372,2.7039999961853,2.60199999809265,2.60199999809265,2263434,2.07042741775513,2021-09-24
2.61999988555908,2.61999988555908,2.58200001716614,2.58999991416931,1411858,2.06087851524353,2021-09-27
2.58800005912781,2.59999990463257,2.56200003623962,2.56599998474121,1712159,2.04178190231323,2021-09-28
2.56200003623962,2.60199999809265,2.56200003623962,2.58800005912781,1283628,2.05928754806519,2021-09-29
2.60999989509583,2.60999989509583,2.55599999427795,2.56399989128113,1436590,2.04019045829773,2021-09-30
2.5460000038147,2.62199997901917,2.5239999294281,2.59800004959106,2020973,2.06724452972412,2021-10-01
2.60400009155273,2.62400007247925,2.58800005912781,2.61400008201599,841364,2.07997584342957,2021-10-04
2.6159999370575,2.65799999237061,2.61199998855591,2.65400004386902,1982051,2.11180400848389,2021-10-05
2.65400004386902,2.66400003433228,2.61400008201599,2.6340000629425,1558048,2.09588980674744,2021-10-06
2.65000009536743,2.66799998283386,2.62800002098083,2.65599989891052,1331619,2.11339545249939,2021-10-07
2.65199995040894,2.6800000667572,2.58400011062622,2.59800004959106,1876349,2.06724452972412,2021-10-08
2.60999989509583,2.60999989509583,2.53200006484985,2.5460000038147,2149765,2.02586793899536,2021-10-11
2.54800009727478,2.57800006866455,2.51200008392334,2.55200004577637,1278218,2.03064203262329,2021-10-12
2.55399990081787,2.55399990081787,2.51799988746643,2.5460000038147,1165739,2.02586793899536,2021-10-13
2.54399991035461,2.56200003623962,2.53999996185303,2.54399991035461,1561192,2.02427625656128,2021-10-14
2.55999994277954,2.55999994277954,2.49600005149841,2.49799990653992,2060260,1.98767387866974,2021-10-15
2.49399995803833,2.54200005531311,2.49399995803833,2.52800011634827,1478799,2.01154518127441,2021-10-18
2.5460000038147,2.5460000038147,2.51200008392334,2.52800011634827,1118661,2.01154518127441,2021-10-19
2.53800010681152,2.59999990463257,2.51799988746643,2.58999991416931,2437790,2.06087851524353,2021-10-20
2.59200000762939,2.62199997901917,2.58999991416931,2.59800004959106,2047019,2.06724452972412,2021-10-21
2.63000011444092,2.73000001907349,2.61400008201599,2.70799994468689,3908367,2.15477204322815,2021-10-22
2.71000003814697,2.74000000953674,2.6800000667572,2.6800000667572,1810383,2.13249254226685,2021-10-25
2.69199991226196,2.74600005149841,2.68799996376038,2.74399995803833,1595169,2.18341779708862,2021-10-26
2.73600006103516,2.79800009727478,2.73600006103516,2.75200009346008,2314143,2.18978333473206,2021-10-27
2.73399996757507,2.77999997138977,2.72399997711182,2.74000000953674,1718095,2.18023490905762,2021-10-28
2.74799990653992,2.75799989700317,2.68400001525879,2.68600010871887,976967,2.13726687431335,2021-10-29
2.68799996376038,2.7279999256134,2.68799996376038,2.71600008010864,964420,2.16113805770874,2021-11-01
2.72000002861023,2.7720000743866,2.70600008964539,2.7720000743866,1402076,2.20569753646851,2021-11-02
2.77999997138977,2.78800010681152,2.74200010299683,2.78800010681152,1552988,2.21842861175537,2021-11-03
2.79999995231628,2.88000011444092,2.78399991989136,2.88000011444092,2692397,2.29163360595703,2021-11-04
2.88800001144409,2.89400005340576,2.85999989509583,2.88000011444092,1697399,2.29163360595703,2021-11-05
2.89199995994568,2.90000009536743,2.85800004005432,2.85800004005432,1162185,2.27412843704224,2021-11-08
2.84999990463257,2.84999990463257,2.80200004577637,2.83200001716614,2300005,2.2534396648407,2021-11-09
2.84599995613098,2.89800000190735,2.82999992370605,2.8840000629425,1380054,2.29481649398804,2021-11-10
2.90000009536743,2.91199994087219,2.7960000038147,2.80999994277954,1929764,2.23593401908875,2021-11-11
2.85999989509583,2.86800003051758,2.82800006866455,2.82800006866455,1073318,2.25025701522827,2021-11-12
2.83800005912781,2.85999989509583,2.80599999427795,2.85999989509583,2011404,2.27571940422058,2021-11-15
2.85999989509583,2.87400007247925,2.82399988174438,2.86400008201599,2842442,2.27890229225159,2021-11-16
2.87599992752075,2.87599992752075,2.79200005531311,2.79200005531311,4538155,2.22161149978638,2021-11-17
2.80800008773804,2.82800006866455,2.78999996185303,2.80399990081787,2481280,2.23115992546082,2021-11-18
2.8199999332428,2.8199999332428,2.74799990653992,2.76600003242493,1132460,2.200923204422,2021-11-19
2.76600003242493,2.76600003242493,2.72399997711182,2.74000000953674,2849519,2.18023490905762,2021-11-22
2.74200010299683,2.75799989700317,2.71799993515015,2.73399996757507,1827771,2.17546057701111,2021-11-23
2.76200008392334,2.76799988746643,2.73399996757507,2.75600004196167,889664,2.19296598434448,2021-11-24
2.75200009346008,2.76799988746643,2.74600005149841,2.76200008392334,523227,2.19774031639099,2021-11-25
2.7279999256134,2.7279999256134,2.64000010490417,2.64400005340576,1782629,2.10384702682495,2021-11-26
2.65199995040894,2.70000004768372,2.64199995994568,2.68600010871887,1212150,2.13726687431335,2021-11-29
2.6800000667572,2.7039999961853,2.59800004959106,2.65000009536743,2904969,2.10862112045288,2021-11-30
2.64000010490417,2.71600008010864,2.62800002098083,2.71199989318848,2736444,2.15795493125916,2021-12-01
2.7039999961853,2.7039999961853,2.65400004386902,2.66000008583069,1042308,2.1165783405304,2021-12-02
2.68400001525879,2.68400001525879,2.64599990844727,2.67199993133545,1353392,2.12612652778625,2021-12-03
2.70000004768372,2.73600006103516,2.67000007629395,2.73200011253357,1639538,2.17386913299561,2021-12-06
2.73200011253357,2.75999999046326,2.73200011253357,2.75200009346008,1073331,2.18978333473206,2021-12-07
2.73799991607666,2.75600004196167,2.71399998664856,2.71399998664856,824761,2.15954637527466,2021-12-08
2.71600008010864,2.74000000953674,2.70799994468689,2.74000000953674,903621,2.18023490905762,2021-12-09
2.71000003814697,2.73000001907349,2.69000005722046,2.71199989318848,794416,2.15795493125916,2021-12-10
2.72399997711182,2.72399997711182,2.67199993133545,2.67600011825562,747132,2.12930965423584,2021-12-13
2.67600011825562,2.71600008010864,2.67199993133545,2.67400002479553,1051579,2.12771821022034,2021-12-14
2.67000007629395,2.71000003814697,2.67000007629395,2.67600011825562,686076,2.12930965423584,2021-12-15
2.71199989318848,2.71199989318848,2.64400005340576,2.64800000190735,2136425,2.10702991485596,2021-12-16
2.65799999237061,2.66199994087219,2.57599997520447,2.60800004005432,1438150,2.07520151138306,2021-12-17
2.5699999332428,2.59400010108948,2.53800010681152,2.56599998474121,1053941,2.04178190231323,2021-12-20
2.59400010108948,2.60599994659424,2.57200002670288,2.60400009155273,685214,2.07201862335205,2021-12-21
2.59400010108948,2.61800003051758,2.58400011062622,2.61800003051758,981255,2.08315849304199,2021-12-22
2.61999988555908,2.62400007247925,2.59800004959106,2.62199997901917,359367,2.086341381073,2021-12-23
2.60999989509583,2.63800001144409,2.60599994659424,2.62400007247925,392961,2.08793306350708,2021-12-27
2.63800001144409,2.6800000667572,2.62199997901917,2.67199993133545,709090,2.12612652778625,2021-12-28
2.67799997329712,2.67799997329712,2.65000009536743,2.67199993133545,541469,2.12612652778625,2021-12-29
2.66000008583069,2.67600011825562,2.63800001144409,2.65400004386902,712743,2.11180400848389,2021-12-30
2.65400004386902,2.69400000572205,2.65199995040894,2.69199991226196,887273,2.14204072952271,2022-01-03
2.70000004768372,2.74799990653992,2.6800000667572,2.71199989318848,1198736,2.15795493125916,2022-01-04
2.70000004768372,2.72000002861023,2.66000008583069,2.67600011825562,709486,2.12930965423584,2022-01-05
2.66599988937378,2.68400001525879,2.62199997901917,2.63599991798401,1312188,2.09748125076294,2022-01-06
2.62199997901917,2.66199994087219,2.61400008201599,2.63800001144409,1566974,2.09907269477844,2022-01-07
2.64800000190735,2.68199992179871,2.58599996566772,2.60400009155273,1183331,2.07201862335205,2022-01-10
2.61999988555908,2.64400005340576,2.60400009155273,2.60800004005432,1039997,2.07520151138306,2022-01-11
2.60800004005432,2.69799995422363,2.60800004005432,2.65599989891052,3875767,2.11339545249939,2022-01-12
2.64000010490417,2.68799996376038,2.62800002098083,2.62800002098083,2081275,2.09111595153809,2022-01-13
2.62800002098083,2.63000011444092,2.58599996566772,2.59800004959106,1078113,2.06724452972412,2022-01-14
2.60199999809265,2.64000010490417,2.58800005912781,2.59999990463257,1522052,2.06883597373962,2022-01-17
2.60599994659424,2.6159999370575,2.53600001335144,2.56599998474121,2150264,2.04178190231323,2022-01-18
2.56599998474121,2.56599998474121,2.51600003242493,2.53200006484985,1518865,2.01472783088684,2022-01-19
2.52800011634827,2.61999988555908,2.52800011634827,2.59999990463257,1595941,2.06883597373962,2022-01-20
2.58200001716614,2.61999988555908,2.54200005531311,2.54999995231628,1796130,2.02905058860779,2022-01-21
2.54200005531311,2.57200002670288,2.45799994468689,2.48600006103516,4787071,1.9781254529953,2022-01-24
2.50399994850159,2.58400011062622,2.46799993515015,2.4760000705719,2120933,1.97016847133636,2022-01-25
2.48399996757507,2.57200002670288,2.48399996757507,2.55999994277954,1669369,2.03700757026672,2022-01-26
2.5239999294281,2.64199995994568,2.50399994850159,2.63800001144409,1756257,2.09907269477844,2022-01-27
2.62199997901917,2.66599988937378,2.59400010108948,2.62400007247925,1630616,2.08793306350708,2022-01-28
2.70600008964539,2.70600008964539,2.63599991798401,2.66400003433228,2005079,2.11976099014282,2022-01-31
2.67000007629395,2.68799996376038,2.64400005340576,2.64599990844727,1020220,2.10543847084045,2022-02-01
2.67000007629395,2.69600009918213,2.64800000190735,2.69400000572205,1846562,2.14363217353821,2022-02-02
2.69600009918213,2.71399998664856,2.66799998283386,2.67199993133545,835282,2.12612652778625,2022-02-03
2.67000007629395,2.69600009918213,2.62199997901917,2.62199997901917,1351889,2.086341381073,2022-02-04
2.62199997901917,2.63599991798401,2.54200005531311,2.55800008773804,1467795,2.0354163646698,2022-02-07
2.56200003623962,2.57599997520447,2.48399996757507,2.49000000953674,2331540,1.98130810260773,2022-02-08
2.51999998092651,2.53999996185303,2.48799991607666,2.49399995803833,2357453,1.98449099063873,2022-02-09
2.51799988746643,2.55399990081787,2.48000001907349,2.53999996185303,1506205,2.02109336853027,2022-02-10
2.52999997138977,2.55200004577637,2.5,2.53200006484985,1239657,2.01472783088684,2022-02-11
2.50799989700317,2.50799989700317,2.4539999961853,2.46799993515015,1212911,1.96380257606506,2022-02-14
2.46399998664856,2.49399995803833,2.46399998664856,2.4779999256134,2102903,1.971759557724,2022-02-15
2.48399996757507,2.49799990653992,2.4760000705719,2.48600006103516,1667231,1.9781254529953,2022-02-16
2.50200009346008,2.50999999046326,2.46399998664856,2.4760000705719,914273,1.97016847133636,2022-02-17
2.4760000705719,2.48799991607666,2.43199992179871,2.44799995422363,1363904,1.9478884935379,2022-02-18
2.46000003814697,2.46199989318848,2.39000010490417,2.40199995040894,1185872,1.91128623485565,2022-02-21
2.34999990463257,2.39800000190735,2.32800006866455,2.38000011444092,1891847,1.89378046989441,2022-02-22
2.38000011444092,2.44000005722046,2.37800002098083,2.40000009536743,2312566,1.90969491004944,2022-02-23
2.28999996185303,2.42600011825562,2.26999998092651,2.40199995040894,3609205,1.91128623485565,2022-02-24
2.4300000667572,2.54200005531311,2.38800001144409,2.5220000743866,3554033,2.00677084922791,2022-02-25
2.4760000705719,2.54800009727478,2.35999989509583,2.51600003242493,1798238,2.0019965171814,2022-02-28
2.50999999046326,2.53800010681152,2.39599990844727,2.39599990844727,1768301,1.90651178359985,2022-03-01
2.39599990844727,2.43799996376038,2.33800005912781,2.36199998855591,1284612,1.87945795059204,2022-03-02
2.34999990463257,2.38000011444092,2.27800011634827,2.27800011634827,1317650,1.81261873245239,2022-03-03
2.2720000743866,2.29800009727478,2.2260000705719,2.25200009346008,868011,1.79193031787872,2022-03-04
2.17000007629395,2.24200010299683,2.06800007820129,2.20600008964539,2616752,1.7553277015686,2022-03-07
2.19000005722046,2.31200003623962,2.19000005722046,2.25,1330006,1.79033887386322,2022-03-08
2.29399991035461,2.37400007247925,2.29399991035461,2.33200001716614,1917593,1.85558664798737,2022-03-09
2.33599996566772,2.37800002098083,2.26999998092651,2.30399990081787,1331505,1.83330678939819,2022-03-10
2.32200002670288,2.36800003051758,2.28800010681152,2.32399988174438,1359997,1.84922087192535,2022-03-11
2.33599996566772,2.37400007247925,2.30200004577637,2.30200004577637,1269721,1.83171534538269,2022-03-14
2.29200005531311,2.33400011062622,2.25200009346008,2.29399991035461,936446,1.82534980773926,2022-03-15
2.34200000762939,2.36199998855591,2.25200009346008,2.27600002288818,1301539,1.8110271692276,2022-03-16
2.27600002288818,2.29999995231628,2.25200009346008,2.2960000038147,966444,1.82694125175476,2022-03-17
2.30800008773804,2.33800005912781,2.29200005531311,2.29999995231628,3343008,1.83012402057648,2022-03-18
2.32999992370605,2.33999991416931,2.30800008773804,2.31800007820129,1300086,1.84444665908813,2022-03-21
2.33999991416931,2.38000011444092,2.31800007820129,2.36800003051758,1387626,1.88423204421997,2022-03-22
2.35800004005432,2.36999988555908,2.29800009727478,2.30999994277954,1342401,1.8380811214447,2022-03-23
2.31399989128113,2.35800004005432,2.30999994277954,2.32800006866455,783370,1.85240399837494,2022-03-24
2.33999991416931,2.37400007247925,2.3199999332428,2.36400008201599,1675661,1.88104915618896,2022-03-25
2.38599991798401,2.47000002861023,2.3840000629425,2.42400002479553,1962227,1.92879164218903,2022-03-28
2.45000004768372,2.46000003814697,2.37400007247925,2.38199996948242,6197790,1.89537191390991,2022-03-29
2.4300000667572,2.44400000572205,2.33800005912781,2.40400004386902,2788206,1.91287732124329,2022-03-30
2.41000008583069,2.43199992179871,2.38599991798401,2.40400004386902,1476173,1.91287732124329,2022-03-31
2.40199995040894,2.48200011253357,2.40000009536743,2.4760000705719,1784440,1.97016847133636,2022-04-01
2.48399996757507,2.48799991607666,2.44199991226196,2.47199988365173,1534749,1.96698534488678,2022-04-04
2.47199988365173,2.48799991607666,2.46000003814697,2.47399997711182,1118319,1.96857690811157,2022-04-05
2.47399997711182,2.49200010299683,2.42199993133545,2.44400000572205,1287502,1.94470584392548,2022-04-06
2.44000005722046,2.53200006484985,2.42400002479553,2.51200008392334,2125719,1.99881374835968,2022-04-07
2.53800010681152,2.5699999332428,2.51399993896484,2.56800007820129,1352499,2.04337358474731,2022-04-08
2.55999994277954,2.57999992370605,2.53399991989136,2.54999995231628,2963095,2.02905058860779,2022-04-11
2.53399991989136,2.54399991035461,2.50399994850159,2.53600001335144,1113869,2.01791071891785,2022-04-12
2.50999999046326,2.54999995231628,2.5,2.52999997138977,2006962,2.01313638687134,2022-04-13
2.52800011634827,2.52800011634827,2.4779999256134,2.49200010299683,720803,1.98289966583252,2022-04-14
2.49000000953674,2.50399994850159,2.4539999961853,2.47000002861023,1607699,1.96539413928986,2022-04-19
2.45799994468689,2.53399991989136,2.44799995422363,2.51799988746643,4852864,2.00358819961548,2022-04-20
2.50600004196167,2.50600004196167,2.44199991226196,2.44199991226196,2111579,1.9431140422821,2022-04-21
2.42799997329712,2.46799993515015,2.42000007629395,2.44400000572205,1527912,1.94470584392548,2022-04-22
2.43199992179871,2.46000003814697,2.41199994087219,2.42799997329712,496783,1.93197441101074,2022-04-25
2.43400001525879,2.51200008392334,2.4300000667572,2.49200010299683,3205423,1.98289966583252,2022-04-26
2.48000001907349,2.49399995803833,2.41400003433228,2.48799991607666,1998765,1.97971677780151,2022-04-27
2.50799989700317,2.5239999294281,2.48600006103516,2.51600003242493,830505,2.0019965171814,2022-04-28
2.51600003242493,2.52999997138977,2.4760000705719,2.4760000705719,1080332,1.97016847133636,2022-04-29
2.49399995803833,2.50999999046326,2.40400004386902,2.45199990272522,1131971,1.95107138156891,2022-05-02
2.45000004768372,2.47399997711182,2.42600011825562,2.45600008964539,1560690,1.9542543888092,2022-05-03
2.44199991226196,2.51999998092651,2.44199991226196,2.4779999256134,1990696,1.971759557724,2022-05-04
2.49000000953674,2.50999999046326,2.45600008964539,2.46799993515015,1310234,1.96380257606506,2022-05-05
2.47000002861023,2.47000002861023,2.42600011825562,2.44400000572205,1492579,1.94470584392548,2022-05-06
2.42199993133545,2.46000003814697,2.40000009536743,2.40000009536743,1543483,1.90969491004944,2022-05-09
2.43600010871887,2.46000003814697,2.40000009536743,2.44199991226196,689773,1.9431140422821,2022-05-10
2.46199989318848,2.5,2.42400002479553,2.49399995803833,1103755,1.98449099063873,2022-05-11
2.45600008964539,2.47000002861023,2.35999989509583,2.35999989509583,1543474,1.87786650657654,2022-05-12
2.38800001144409,2.41799998283386,2.35599994659424,2.39000010490417,1641396,1.90173780918121,2022-05-13
2.39199995994568,2.45600008964539,2.36400008201599,2.45199990272522,3363756,1.95107138156891,2022-05-16
2.46000003814697,2.47000002861023,2.42400002479553,2.43600010871887,800513,1.93834018707275,2022-05-17
2.44000005722046,2.45199990272522,2.42000007629395,2.42799997329712,641602,1.93197441101074,2022-05-18
2.41799998283386,2.43799996376038,2.40000009536743,2.40000009536743,545254,1.90969491004944,2022-05-19
2.40400004386902,2.45199990272522,2.40400004386902,2.40799999237061,470887,1.91606020927429,2022-05-20
2.44199991226196,2.44600009918213,2.40400004386902,2.44199991226196,704343,1.9431140422821,2022-05-23
2.40400004386902,2.45199990272522,2.40400004386902,2.41799998283386,2862011,1.92401742935181,2022-05-24
2.45199990272522,2.49799990653992,2.44000005722046,2.46600008010864,876079,1.96221125125885,2022-05-25
2.46600008010864,2.49799990653992,2.4539999961853,2.4539999961853,1377570,1.9526629447937,2022-05-26
2.48200011253357,2.48200011253357,2.42600011825562,2.42600011825562,852841,1.93038332462311,2022-05-27
2.45600008964539,2.46199989318848,2.43199992179871,2.43799996376038,586774,1.93993151187897,2022-05-30
2.45199990272522,2.46199989318848,2.41599988937378,2.42600011825562,4705753,1.93038332462311,2022-05-31
2.48000001907349,2.50799989700317,2.38199996948242,2.38800001144409,2538476,1.90014612674713,2022-06-01
2.40199995040894,2.4539999961853,2.40199995040894,2.44799995422363,1676542,1.9478884935379,2022-06-02
2.47000002861023,2.47199988365173,2.39400005340576,2.41000008583069,469438,1.91765189170837,2022-06-03
2.43199992179871,2.44000005722046,2.39400005340576,2.41199994087219,1311078,1.91924297809601,2022-06-06
2.41199994087219,2.42000007629395,2.35800004005432,2.38000011444092,735436,1.89378046989441,2022-06-07
2.42600011825562,2.42600011825562,2.38000011444092,2.38800001144409,907885,1.90014612674713,2022-06-08
2.39800000190735,2.39800000190735,2.30200004577637,2.31599998474121,1532742,1.84285545349121,2022-06-09
2.30999994277954,2.31800007820129,2.13199996948242,2.15199995040894,2409771,1.71235942840576,2022-06-10
2.15000009536743,2.15799999237061,2.04399991035461,2.06399989128113,2449908,1.64233732223511,2022-06-13
2.08200001716614,2.09999990463257,1.99000000953674,2.02600002288818,3194748,1.61210060119629,2022-06-14
2.05599999427795,2.09999990463257,2.02600002288818,2.08800005912781,1830379,1.66143441200256,2022-06-15
2.08800005912781,2.09800004959106,2.05999994277954,2.08599996566772,1630765,1.65984284877777,2022-06-16
2.09599995613098,2.14400005340576,2.07399988174438,2.12400007247925,1908431,1.69007980823517,2022-06-17
2.13599991798401,2.14000010490417,2.05200004577637,2.0699999332428,1277722,1.64711165428162,2022-06-20
2.08800005912781,2.08800005912781,2.02999997138977,2.03200006484985,1359452,1.6168749332428,2022-06-21
2.02600002288818,2.04399991035461,1.95000004768372,2.04200005531311,2083754,1.62483179569244,2022-06-22
2.03999996185303,2.09999990463257,2.02999997138977,2.07999992370605,1744661,1.65506863594055,2022-06-23
2.09999990463257,2.15599989891052,2.09599995613098,2.14599990844727,1262076,1.70758521556854,2022-06-24
2.14599990844727,2.16199994087219,2.11400008201599,2.14599990844727,1821859,1.70758521556854,2022-06-27
2.14599990844727,2.15799999237061,2.11999988555908,2.13199996948242,966515,1.6964453458786,2022-06-28
2.13199996948242,2.14199995994568,2.09800004959106,2.11199998855591,710522,1.68053138256073,2022-06-29
2.09200000762939,2.11800003051758,2.08400011062622,2.08400011062622,920902,1.65825164318085,2022-06-30
2.08200001716614,2.1340000629425,2.05200004577637,2.11199998855591,1195776,1.68053138256073,2022-07-01
2.1340000629425,2.14800000190735,2.1159999370575,2.12199997901917,821701,1.68848824501038,2022-07-04
2.14400005340576,2.14400005340576,1.96300005912781,1.96599996089935,4363374,1.56435811519623,2022-07-05
1.98500001430511,2.03800010681152,1.94000005722046,1.99000000953674,6734503,1.58345520496368,2022-07-06
2.00399994850159,2.03200006484985,1.9559999704361,1.97500002384186,2986323,1.57151961326599,2022-07-07
1.9889999628067,1.99800002574921,1.95299994945526,1.98300004005432,2793054,1.57788527011871,2022-07-08
1.97500002384186,2.00399994850159,1.95500004291534,1.99199998378754,1520331,1.58504664897919,2022-07-11
1.99000000953674,2.01200008392334,1.97899997234344,1.99500000476837,1151844,1.58743369579315,2022-07-12
1.99500000476837,2.00200009346008,1.92599999904633,1.93700003623962,1423966,1.54128277301788,2022-07-13
1.92499995231628,1.92999994754791,1.83899998664856,1.85800004005432,2023004,1.47842192649841,2022-07-14
1.87000000476837,1.91999995708466,1.85000002384186,1.89800000190735,2538858,1.51025032997131,2022-07-15
1.81099998950958,1.83800005912781,1.79299998283386,1.82099997997284,1987154,1.53383469581604,2022-07-18
1.82200002670288,1.84700000286102,1.82000005245209,1.83700001239777,1284668,1.54731154441833,2022-07-19
1.83700001239777,1.85099995136261,1.79799997806549,1.79799997806549,1821078,1.51446175575256,2022-07-20
1.77499997615814,1.7940000295639,1.72500002384186,1.78400003910065,1769697,1.50266945362091,2022-07-21
1.78600001335144,1.80099999904633,1.76300001144409,1.78900003433228,1106715,1.50688099861145,2022-07-22
1.79299998283386,1.81599998474121,1.78600001335144,1.80099999904633,956129,1.51698863506317,2022-07-25
1.80599999427795,1.80799996852875,1.76699995994568,1.79100000858307,653374,1.50856566429138,2022-07-26
1.78699994087219,1.80299997329712,1.75899994373322,1.79700005054474,829418,1.5136194229126,2022-07-27
1.80999994277954,1.83000004291534,1.77199995517731,1.83000004291534,1938215,1.54141545295715,2022-07-28
1.84399998188019,1.87399995326996,1.82099997997284,1.83800005912781,2541027,1.54815399646759,2022-07-29
1.85000002384186,1.87199997901917,1.76699995994568,1.76699995994568,1712855,1.48835027217865,2022-08-01
1.77699995040894,1.78100001811981,1.73300004005432,1.75100004673004,1235488,1.47487342357635,2022-08-02
1.75399994850159,1.77699995040894,1.73099994659424,1.76999998092651,1605550,1.49087715148926,2022-08-03
1.78699994087219,1.78699994087219,1.75100004673004,1.75199997425079,1975675,1.47571575641632,2022-08-04
1.76699995994568,1.76800000667572,1.73500001430511,1.73699998855591,1225973,1.46308124065399,2022-08-05
1.75600004196167,1.75699996948242,1.72699999809265,1.75,1013388,1.47403120994568,2022-08-08
1.75800001621246,1.76800000667572,1.73099994659424,1.75100004673004,1040463,1.47487342357635,2022-08-09
1.75699996948242,1.76800000667572,1.74000000953674,1.74699997901917,813353,1.47150421142578,2022-08-10
1.76199996471405,1.76999998092651,1.75,1.76300001144409,821797,1.48498117923737,2022-08-11
1.75600004196167,1.77699995040894,1.75600004196167,1.76300001144409,678847,1.48498117923737,2022-08-12
1.77600002288818,1.80799996852875,1.77400004863739,1.80200004577637,1512424,1.51783096790314,2022-08-16
1.80799996852875,1.80799996852875,1.76400005817413,1.77100002765656,1009564,1.49171948432922,2022-08-17
1.75999999046326,1.76800000667572,1.72399997711182,1.74100005626678,1631804,1.46645045280457,2022-08-18
1.74300003051758,1.75100004673004,1.72599995136261,1.73000001907349,1067331,1.4571852684021,2022-08-19
1.72800004482269,1.73000001907349,1.68099999427795,1.68099999427795,1232169,1.41591215133667,2022-08-22
1.67999994754791,1.69900000095367,1.6710000038147,1.68599998950958,842690,1.4201238155365,2022-08-23
1.68799996376038,1.69799995422363,1.66299998760223,1.6710000038147,762876,1.40748918056488,2022-08-24
1.68299996852875,1.69599997997284,1.6599999666214,1.66100001335144,662899,1.3990660905838,2022-08-25
1.66199994087219,1.67799997329712,1.61600005626678,1.61699998378754,820894,1.36200475692749,2022-08-26
1.60399997234344,1.65699994564056,1.44400000572205,1.59500002861023,1936746,1.34347414970398,2022-08-29
1.60099995136261,1.62399995326996,1.58800005912781,1.59300005435944,1196348,1.34178960323334,2022-08-30
1.59099996089935,1.59899997711182,1.50199997425079,1.50499999523163,4313496,1.26766669750214,2022-08-31
1.5,1.50499999523163,1.46200001239777,1.49800002574921,1587310,1.26177072525024,2022-09-01
1.50300002098083,1.52199995517731,1.47000002861023,1.51699995994568,1371850,1.27777445316315,2022-09-02
1.48800003528595,1.4889999628067,1.45799994468689,1.45899999141693,798583,1.22892081737518,2022-09-05
1.47000002861023,1.4889999628067,1.41199994087219,1.432000041008,1429990,1.20617866516113,2022-09-06
1.41999995708466,1.48399996757507,1.4099999666214,1.46300005912781,2397234,1.23229014873505,2022-09-07
1.46800005435944,1.49899995326996,1.42900002002716,1.46000003814697,1178276,1.22976315021515,2022-09-08
1.45500004291534,1.53600001335144,1.45500004291534,1.53400003910065,1450036,1.29209363460541,2022-09-09
1.54200005531311,1.57099997997284,1.5349999666214,1.56700003147125,1291562,1.31988966464996,2022-09-12
1.567999958992,1.5900000333786,1.53999996185303,1.54100000858307,1673975,1.29798972606659,2022-09-13
1.53999996185303,1.54200005531311,1.46099996566772,1.46200001239777,2130733,1.23144769668579,2022-09-14
1.46000003814697,1.47500002384186,1.43799996376038,1.44000005722046,2233350,1.21291708946228,2022-09-15
1.43499994277954,1.44500005245209,1.42299997806549,1.44500005245209,1605258,1.21712863445282,2022-09-16
1.44500005245209,1.46800005435944,1.41400003433228,1.45500004291534,1110968,1.2255517244339,2022-09-19
1.47200000286102,1.47300004959106,1.42400002479553,1.42900002002716,749989,1.20365166664124,2022-09-20
1.41799998283386,1.44000005722046,1.41100001335144,1.43099999427795,1346216,1.20533645153046,2022-09-21
1.38999998569489,1.43799996376038,1.38499999046326,1.39499998092651,1181497,1.175013422966,2022-09-22
1.38999998569489,1.39400005340576,1.32500004768372,1.34500002861023,1963320,1.13289821147919,2022-09-23
1.3400000333786,1.36500000953674,1.33000004291534,1.36099994182587,1174143,1.14637506008148,2022-09-26
1.37199997901917,1.37199997901917,1.30799996852875,1.30799996852875,1509904,1.10173296928406,2022-09-27
1.29999995231628,1.35000002384186,1.28400003910065,1.3289999961853,1330310,1.11942148208618,2022-09-28
1.31500005722046,1.32599997520447,1.29100000858307,1.31299996376038,1489887,1.10594439506531,2022-09-29
1.32400000095367,1.3639999628067,1.32299995422363,1.35699999332428,1492649,1.14300584793091,2022-09-30
1.3400000333786,1.39300000667572,1.3289999961853,1.38800001144409,2070016,1.16911721229553,2022-10-03
1.40199995040894,1.45299994945526,1.39199995994568,1.44799995422363,1847649,1.21965551376343,2022-10-04
1.44799995422363,1.44799995422363,1.37199997901917,1.38300001621246,1286199,1.16490566730499,2022-10-05
1.38699996471405,1.39100003242493,1.35000002384186,1.35000002384186,953687,1.13710963726044,2022-10-06
1.33800005912781,1.37699997425079,1.317999958992,1.32200002670288,1542171,1.11352527141571,2022-10-07
1.31599998474121,1.33899998664856,1.30999994277954,1.33800005912781,712541,1.12700212001801,2022-10-10
1.317999958992,1.33899998664856,1.30599999427795,1.33299994468689,903624,1.12279045581818,2022-10-11
1.33700001239777,1.33700001239777,1.28400003910065,1.28400003910065,1390514,1.08151769638062,2022-10-12
1.28100001811981,1.33399999141693,1.26499998569489,1.31099998950958,1904295,1.10425996780396,2022-10-13
1.33599996566772,1.3860000371933,1.317999958992,1.37399995326996,1496543,1.15732502937317,2022-10-14
1.38699996471405,1.39600002765656,1.33599996566772,1.38300001621246,970013,1.16490566730499,2022-10-17
1.38999998569489,1.40499997138977,1.37000000476837,1.37699997425079,1056801,1.15985190868378,2022-10-18
1.37999999523163,1.38900005817413,1.34599995613098,1.38100004196167,1141452,1.16322124004364,2022-10-19
1.38100004196167,1.38100004196167,1.34399998188019,1.36000001430511,1373434,1.14553284645081,2022-10-20
1.35199999809265,1.35800004005432,1.31500005722046,1.32200002670288,818041,1.11352527141571,2022-10-21
1.34500002861023,1.41700005531311,1.34500002861023,1.40600001811981,2210159,1.18427872657776,2022-10-24
1.42499995231628,1.4559999704361,1.38800001144409,1.4539999961853,2668332,1.22470927238464,2022-10-25
1.46000003814697,1.55599999427795,1.44000005722046,1.49600005149841,4191125,1.26008605957031,2022-10-26
1.48399996757507,1.5460000038147,1.45899999141693,1.53699994087219,1994956,1.29462051391602,2022-10-27
1.52100002765656,1.53799998760223,1.49100005626678,1.52400004863739,1337711,1.28367066383362,2022-10-28
1.53699994087219,1.54100000858307,1.49000000953674,1.50399994850159,1454493,1.26682448387146,2022-10-31
1.52100002765656,1.5349999666214,1.5,1.50699996948242,1203989,1.26935148239136,2022-11-01
1.50600004196167,1.5349999666214,1.4889999628067,1.51999998092651,3561680,1.28030133247375,2022-11-02
1.50300002098083,1.51300001144409,1.46099996566772,1.49300003051758,1960346,1.2575591802597,2022-11-03
1.49800002574921,1.50199997425079,1.39400005340576,1.48199999332428,4068068,1.24829375743866,2022-11-04
1.48699998855591,1.52199995517731,1.47800004482269,1.47800004482269,1957707,1.24492466449738,2022-11-07
1.46899998188019,1.52900004386902,1.45000004768372,1.48800003528595,2131842,1.25334775447845,2022-11-08
1.48800003528595,1.49899995326996,1.44500005245209,1.47000002861023,1610880,1.23818624019623,2022-11-09
1.45799994468689,1.55299997329712,1.44700002670288,1.55299997329712,3590307,1.30809736251831,2022-11-10
1.58500003814697,1.62999999523163,1.55900001525879,1.57099997997284,2988177,1.32325887680054,2022-11-11
1.58899998664856,1.59200000762939,1.55599999427795,1.56200003623962,1284170,1.31567811965942,2022-11-14
1.56299996376038,1.56900000572205,1.54700005054474,1.56299996376038,1240687,1.3165203332901,2022-11-15
1.55299997329712,1.59899997711182,1.53999996185303,1.59300005435944,1984665,1.34178960323334,2022-11-16
1.59500002861023,1.60500001907349,1.55400002002716,1.5789999961853,2513639,1.3299971818924,2022-11-17
1.58899998664856,1.61199998855591,1.56599998474121,1.57700002193451,1252105,1.32831275463104,2022-11-18
1.57200002670288,1.58899998664856,1.55599999427795,1.57799994945526,1157007,1.32915496826172,2022-11-21
1.5789999961853,1.5900000333786,1.56099998950958,1.5809999704361,859657,1.33168184757233,2022-11-22
1.59099996089935,1.59099996089935,1.55499994754791,1.5809999704361,1724917,1.33168184757233,2022-11-23
1.5900000333786,1.60800004005432,1.57799994945526,1.60300004482269,1420271,1.35021269321442,2022-11-24
1.60800004005432,1.67599999904633,1.59399998188019,1.64999997615814,2567428,1.38980078697205,2022-11-25
1.64999997615814,1.65199995040894,1.59800004959106,1.60699999332428,1886240,1.3535817861557,2022-11-28
1.60300004482269,1.61000001430511,1.56299996376038,1.59500002861023,2912836,1.34347414970398,2022-11-29
1.59800004959106,1.60399997234344,1.557000041008,1.57599997520447,2023418,1.32747030258179,2022-11-30
1.58599996566772,1.6139999628067,1.57299995422363,1.59899997711182,1612114,1.34684324264526,2022-12-01
1.59599995613098,1.625,1.58399999141693,1.60199999809265,1539956,1.34937024116516,2022-12-02
1.60699999332428,1.64499998092651,1.59300005435944,1.62300002574921,2369946,1.367058634758,2022-12-05
1.62999999523163,1.64499998092651,1.59500002861023,1.59500002861023,1508214,1.34347414970398,2022-12-06
1.58800005912781,1.60099995136261,1.5789999961853,1.5789999961853,1145927,1.3299971818924,2022-12-07
1.57799994945526,1.60599994659424,1.5460000038147,1.57500004768372,1354973,1.32662808895111,2022-12-08
1.57799994945526,1.59399998188019,1.55200004577637,1.58599996566772,2061432,1.33589327335358,2022-12-09
1.58500003814697,1.59700000286102,1.55599999427795,1.55599999427795,759811,1.31062424182892,2022-12-12
1.55299997329712,1.57500004768372,1.51999998092651,1.53799998760223,2109739,1.29546284675598,2022-12-13
1.53999996185303,1.56200003623962,1.52300000190735,1.54499995708466,1304763,1.30135893821716,2022-12-14
1.52400004863739,1.54799997806549,1.48500001430511,1.48500001430511,1026639,1.25082075595856,2022-12-15
1.48500001430511,1.5,1.44700002670288,1.46000003814697,1866805,1.22976315021515,2022-12-16
1.47399997711182,1.48599994182587,1.46099996566772,1.46800005435944,1170857,1.23650169372559,2022-12-19
1.4539999961853,1.46800005435944,1.42900002002716,1.46000003814697,1167086,1.22976315021515,2022-12-20
1.46000003814697,1.49800002574921,1.46000003814697,1.49000000953674,913105,1.25503218173981,2022-12-21
1.50100004673004,1.50100004673004,1.46800005435944,1.46899998188019,1022121,1.23734390735626,2022-12-22
1.47300004959106,1.48500001430511,1.46000003814697,1.48000001907349,541281,1.24660921096802,2022-12-23
1.50100004673004,1.50100004673004,1.47000002861023,1.47000002861023,507128,1.23818624019623,2022-12-27
1.47699999809265,1.47699999809265,1.43499994277954,1.43700003623962,931514,1.21039021015167,2022-12-28
1.44000005722046,1.47899997234344,1.43299996852875,1.47899997234344,600977,1.24576687812805,2022-12-29
1.47500002384186,1.48599994182587,1.46800005435944,1.46800005435944,879034,1.23650169372559,2022-12-30
1.48300004005432,1.5110000371933,1.47300004959106,1.50699996948242,563914,1.26935148239136,2023-01-02
1.50100004673004,1.53600001335144,1.49199998378754,1.53100001811981,1286783,1.2895667552948,2023-01-03
1.54900002479553,1.5900000333786,1.53100001811981,1.58899998664856,2037462,1.33842027187347,2023-01-04
1.58700001239777,1.60199999809265,1.557000041008,1.57599997520447,1887029,1.32747030258179,2023-01-05
1.57799994945526,1.59800004959106,1.55999994277954,1.59399998188019,722669,1.34263181686401,2023-01-06
1.60000002384186,1.63399994373322,1.59300005435944,1.62800002098083,1947805,1.37127017974854,2023-01-09
1.61099994182587,1.63900005817413,1.60800004005432,1.62600004673004,1114765,1.36958563327789,2023-01-10
1.62000000476837,1.72500002384186,1.62000000476837,1.70799994468689,2738193,1.43865430355072,2023-01-11
1.72099995613098,1.75999999046326,1.7059999704361,1.71599996089935,3119618,1.44539284706116,2023-01-12
1.72599995136261,1.75800001621246,1.71200001239777,1.73500001430511,1937629,1.46139669418335,2023-01-13
1.75,1.75699996948242,1.7150000333786,1.73500001430511,2523315,1.46139669418335,2023-01-16
1.73399996757507,1.75899994373322,1.70500004291534,1.74000000953674,1587079,1.46560823917389,2023-01-17
1.7389999628067,1.74699997901917,1.72699999809265,1.73699998855591,1347503,1.46308124065399,2023-01-18
1.73500001430511,1.73500001430511,1.65799999237061,1.66700005531311,2797458,1.4041200876236,2023-01-19
1.67299997806549,1.69400000572205,1.6360000371933,1.64100003242493,1644286,1.38222014904022,2023-01-20
1.64499998092651,1.66499996185303,1.63399994373322,1.6599999666214,996413,1.39822387695312,2023-01-23
1.67200005054474,1.692999958992,1.66600000858307,1.67799997329712,929173,1.41338527202606,2023-01-24
1.68599998950958,1.70700001716614,1.67299997806549,1.70200002193451,1842674,1.43360066413879,2023-01-25
1.7150000333786,1.72800004482269,1.69400000572205,1.71399998664856,1645703,1.44370818138123,2023-01-26
1.70899999141693,1.72899997234344,1.69900000095367,1.70200002193451,1458079,1.43360066413879,2023-01-27
1.69000005722046,1.70899999141693,1.64999997615814,1.66100001335144,2632121,1.3990660905838,2023-01-30
1.66199994087219,1.66999995708466,1.63199996948242,1.65799999237061,1377096,1.39653921127319,2023-01-31
1.66999995708466,1.69799995422363,1.66199994087219,1.68900001049042,1027177,1.42265069484711,2023-02-01
1.70799994468689,1.72500002384186,1.67499995231628,1.71700000762939,1762761,1.44623517990112,2023-02-02
1.7150000333786,1.7150000333786,1.64800000190735,1.65299999713898,2860903,1.39232778549194,2023-02-03
1.64999997615814,1.68400001525879,1.63499999046326,1.68400001525879,1978084,1.41843914985657,2023-02-06
1.69000005722046,1.70899999141693,1.66199994087219,1.70700001716614,2711601,1.43781208992004,2023-02-07
1.71899998188019,1.72300004959106,1.68299996852875,1.68400001525879,2201004,1.41843914985657,2023-02-08
1.69900000095367,1.71399998664856,1.67999994754791,1.69500005245209,1754957,1.42770445346832,2023-02-09
1.682000041008,1.69700002670288,1.64699995517731,1.6599999666214,1731453,1.39822387695312,2023-02-10
1.66999995708466,1.6710000038147,1.64800000190735,1.65199995040894,1039053,1.39148533344269,2023-02-13
1.66499996185303,1.67400002479553,1.64100003242493,1.64400005340576,1281145,1.38474702835083,2023-02-14
1.64400005340576,1.65600001811981,1.63199996948242,1.64999997615814,2520004,1.38980078697205,2023-02-15
1.65600001811981,1.6690000295639,1.62199997901917,1.64699995517731,1782996,1.38727390766144,2023-02-16
1.64300000667572,1.64800000190735,1.62199997901917,1.64100003242493,1014611,1.38222014904022,2023-02-17
1.65499997138977,1.67599999904633,1.65100002288818,1.66600000858307,1211552,1.40327775478363,2023-02-20
1.67200005054474,1.68799996376038,1.65199995040894,1.65400004386902,1059956,1.39317011833191,2023-02-21
1.65699994564056,1.65699994564056,1.60199999809265,1.6360000371933,1317443,1.37800860404968,2023-02-22
1.62999999523163,1.64900004863739,1.62000000476837,1.62300002574921,2646646,1.367058634758,2023-02-23
1.62999999523163,1.66400003433228,1.62600004673004,1.63300001621246,1090482,1.37548172473907,2023-02-24
1.63699996471405,1.66999995708466,1.63499999046326,1.66700005531311,1488953,1.4041200876236,2023-02-27
1.66499996185303,1.66499996185303,1.63300001621246,1.64100003242493,1876317,1.38222014904022,2023-02-28
1.64699995517731,1.65600001811981,1.61000001430511,1.61199998855591,2177631,1.35779321193695,2023-03-01
1.61099994182587,1.65600001811981,1.61000001430511,1.64999997615814,2296700,1.38980078697205,2023-03-02
1.65799999237061,1.67400002479553,1.64100003242493,1.65699994564056,1252649,1.39569687843323,2023-03-03
1.6690000295639,1.68299996852875,1.65699994564056,1.66799998283386,1672564,1.40496218204498,2023-03-06
1.67499995231628,1.69900000095367,1.63999998569489,1.64800000190735,1702309,1.3881162405014,2023-03-07
1.64499998092651,1.64499998092651,1.62399995326996,1.63499999046326,1193188,1.37716627120972,2023-03-08
1.63499999046326,1.63499999046326,1.57599997520447,1.59599995613098,4295728,1.34431636333466,2023-03-09
1.58299994468689,1.60199999809265,1.57299995422363,1.59700000286102,1522986,1.34515881538391,2023-03-10
1.55999994277954,1.58299994468689,1.51400005817413,1.56500005722046,2604039,1.31820511817932,2023-03-13
1.58000004291534,1.61600005626678,1.57000005245209,1.60800004005432,974131,1.35442411899567,2023-03-14
1.61000001430511,1.61300003528595,1.54999995231628,1.56700003147125,3457726,1.31988966464996,2023-03-15
1.5809999704361,1.59300005435944,1.56900000572205,1.59200000762939,1354377,1.34094715118408,2023-03-16
1.60899996757507,1.60899996757507,1.54299998283386,1.55799996852875,2147289,1.31230878829956,2023-03-17
1.57000005245209,1.69400000572205,1.55799996852875,1.68400001525879,4084277,1.41843914985657,2023-03-20
1.69400000572205,1.72300004959106,1.65900003910065,1.67599999904633,4391169,1.41170072555542,2023-03-21
1.68599998950958,1.70099997520447,1.64100003242493,1.64100003242493,1344558,1.38222014904022,2023-03-22
1.61600005626678,1.69200003147125,1.61600005626678,1.67700004577637,2341614,1.41254305839539,2023-03-23
1.682000041008,1.74500000476837,1.6690000295639,1.71200001239777,6498194,1.44202363491058,2023-03-24
1.73800003528595,1.75100004673004,1.68299996852875,1.72899997234344,2831078,1.45634281635284,2023-03-27
1.73399996757507,1.73399996757507,1.68299996852875,1.69400000572205,1415314,1.42686212062836,2023-03-28
1.71300005912781,1.72300004959106,1.67900002002716,1.71800005435944,1258752,1.4470773935318,2023-03-29
1.72500002384186,1.76199996471405,1.72500002384186,1.73699998855591,2872889,1.46308124065399,2023-03-30
1.74399995803833,1.78900003433228,1.72500002384186,1.76499998569489,2375256,1.48666572570801,2023-03-31
1.76900005340576,1.77999997138977,1.74100005626678,1.7610000371933,1284041,1.48329651355743,2023-04-03
1.77499997615814,1.77499997615814,1.74600005149841,1.75300002098083,1186895,1.47655808925629,2023-04-04
1.78100001811981,1.83299994468689,1.76800000667572,1.82700002193451,5998385,1.53888845443726,2023-04-05
1.83899998664856,1.86500000953674,1.80999994277954,1.86000001430511,3000367,1.56668448448181,2023-04-06
1.88699996471405,1.89600002765656,1.85800004005432,1.88399994373322,2734703,1.58689975738525,2023-04-11
1.89699995517731,1.92299997806549,1.88999998569489,1.90799999237061,2623170,1.60711514949799,2023-04-12
1.90799999237061,1.9210000038147,1.87300002574921,1.91299998760223,1918590,1.61132657527924,2023-04-13
1.92700004577637,1.942999958992,1.85699999332428,1.85699999332428,2305431,1.5641576051712,2023-04-14
1.86000001430511,1.88300001621246,1.85199999809265,1.86899995803833,1176402,1.57426536083221,2023-04-17
1.87800002098083,1.8860000371933,1.86300003528595,1.88199996948242,1194777,1.5852153301239,2023-04-18
1.87000000476837,1.91700005531311,1.87000000476837,1.91499996185303,1480096,1.61301124095917,2023-04-19
1.91499996185303,1.9210000038147,1.87000000476837,1.88699996471405,1623609,1.58942675590515,2023-04-20
1.88100004196167,1.90900003910065,1.87000000476837,1.89999997615814,1895177,1.60037672519684,2023-04-21
1.90100002288818,1.9099999666214,1.88399994373322,1.89699995517731,1281728,1.59784972667694,2023-04-24
1.90100002288818,1.92299997806549,1.87999999523163,1.90600001811981,1968059,1.60543048381805,2023-04-25
1.90100002288818,1.92200005054474,1.89900004863739,1.90799999237061,1352323,1.60711514949799,2023-04-26
1.91499996185303,1.96000003814697,1.91100001335144,1.9559999704361,2076691,1.64754557609558,2023-04-27
1.96599996089935,1.97200000286102,1.93900001049042,1.95899999141693,1611235,1.65007257461548,2023-04-28
1.97500002384186,1.97500002384186,1.90799999237061,1.90799999237061,992392,1.60711514949799,2023-05-02
1.90199995040894,1.9539999961853,1.90199995040894,1.92799997329712,880043,1.62396109104156,2023-05-03
1.9099999666214,1.92200005054474,1.87199997901917,1.89900004863739,1783850,1.59953439235687,2023-05-04
1.90199995040894,1.92299997806549,1.89300000667572,1.91700005531311,926476,1.6146959066391,2023-05-05
1.92200005054474,1.93900001049042,1.90600001811981,1.93900001049042,1807902,1.63322651386261,2023-05-08
1.93900001049042,1.93900001049042,1.88999998569489,1.91499996185303,1618973,1.61301124095917,2023-05-09
1.92299997806549,1.93799996376038,1.91600000858307,1.9210000038147,1416861,1.61806511878967,2023-05-10
1.92999994754791,1.95000004768372,1.875,1.91199994087219,2047918,1.61048436164856,2023-05-11
1.92799997329712,1.9539999961853,1.90100002288818,1.95000004768372,2205507,1.64249193668365,2023-05-12
1.95299994945526,1.96800005435944,1.93599998950958,1.93900001049042,1315606,1.63322651386261,2023-05-15
1.94900000095367,1.9889999628067,1.93400001525879,1.97300004959106,2310358,1.66186487674713,2023-05-16
1.97300004959106,1.97300004959106,1.91799998283386,1.92599999904633,1200373,1.62227654457092,2023-05-17
1.92299997806549,1.94500005245209,1.88100004196167,1.88499999046326,1341358,1.58774209022522,2023-05-18
1.88499999046326,1.92900002002716,1.88499999046326,1.92900002002716,1216086,1.62480342388153,2023-05-19
1.93900001049042,1.94900000095367,1.90600001811981,1.91600000858307,1089766,1.61385345458984,2023-05-22
1.9099999666214,1.92499995231628,1.89300000667572,1.90900003910065,1052968,1.60795736312866,2023-05-23
1.90699994564056,1.90699994564056,1.8639999628067,1.87699997425079,932140,1.58100366592407,2023-05-24
1.87999999523163,1.89100003242493,1.85699999332428,1.86099994182587,772464,1.56752681732178,2023-05-25
1.85800004005432,1.87899994850159,1.817999958992,1.87300002574921,1316215,1.5776344537735,2023-05-26
1.89499998092651,1.89999997615814,1.85199999809265,1.86800003051758,692983,1.57342302799225,2023-05-29
1.87399995326996,1.88499999046326,1.85599994659424,1.87999999523163,489724,1.58353054523468,2023-05-30
1.87000000476837,1.88699996471405,1.84500002861023,1.86500000953674,2403583,1.57089602947235,2023-05-31
1.87999999523163,1.88999998569489,1.86099994182587,1.87100005149841,756953,1.57594990730286,2023-06-01
1.8860000371933,1.8860000371933,1.86199998855591,1.88100004196167,1177087,1.58437299728394,2023-06-02
1.89100003242493,1.89100003242493,1.85399997234344,1.86000001430511,1434728,1.56668448448181,2023-06-05
1.86000001430511,1.87999999523163,1.84399998188019,1.87800002098083,1478219,1.58184599876404,2023-06-06
1.88399994373322,1.88399994373322,1.85800004005432,1.86600005626678,777400,1.57173836231232,2023-06-07
1.875,1.9099999666214,1.86500000953674,1.88800001144409,1543703,1.59026908874512,2023-06-08
1.90400004386902,1.91100001335144,1.88100004196167,1.88199996948242,1220975,1.5852153301239,2023-06-09
1.89999997615814,1.89999997615814,1.85099995136261,1.87600004673004,1648688,1.5801614522934,2023-06-12
1.86000001430511,1.87600004673004,1.83299994468689,1.84200000762939,2755841,1.55152308940887,2023-06-13
1.85899996757507,1.88499999046326,1.83500003814697,1.87800002098083,2651246,1.58184599876404,2023-06-14
1.86300003528595,1.86300003528595,1.8400000333786,1.84200000762939,1984995,1.55152308940887,2023-06-15
1.85199999809265,1.89300000667572,1.85000002384186,1.86000001430511,3625391,1.56668448448181,2023-06-16
1.75300002098083,1.77499997615814,1.73000001907349,1.73000001907349,3257864,1.54877960681915,2023-06-19
1.73699998855591,1.73800003528595,1.69799995422363,1.69799995422363,1465089,1.52013158798218,2023-06-20
1.70700001716614,1.70700001716614,1.67900002002716,1.68799996376038,1425836,1.5111790895462,2023-06-21
1.68799996376038,1.70200002193451,1.67299997806549,1.70099997520447,971046,1.52281737327576,2023-06-22
1.70000004768372,1.74899995326996,1.68599998950958,1.72899997234344,1942035,1.54788434505463,2023-06-23
1.72000002861023,1.74000000953674,1.70299994945526,1.71200001239777,1737159,1.53266513347626,2023-06-26
1.71000003814697,1.7389999628067,1.70799994468689,1.73099994659424,589764,1.54967474937439,2023-06-27
1.73000001907349,1.73800003528595,1.69700002670288,1.7150000333786,1331151,1.53535091876984,2023-06-28
1.72099995613098,1.72099995613098,1.68900001049042,1.69099998474121,1310433,1.51386487483978,2023-06-29
1.69500005245209,1.7150000333786,1.68499994277954,1.70099997520447,1758743,1.52281737327576,2023-06-30
1.70099997520447,1.71700000762939,1.69200003147125,1.71000003814697,1332317,1.53087472915649,2023-07-03
1.72000002861023,1.72300004959106,1.69799995422363,1.69900000095367,2241713,1.5210268497467,2023-07-04
1.69799995422363,1.69799995422363,1.64300000667572,1.65299999713898,2716572,1.47984552383423,2023-07-05
1.65100002288818,1.66199994087219,1.61899995803833,1.62600004673004,1663797,1.45567381381989,2023-07-06
1.62699997425079,1.64900004863739,1.61199998855591,1.64100003242493,1126761,1.4691025018692,2023-07-07
1.62999999523163,1.65400004386902,1.62999999523163,1.64600002765656,1303345,1.47357881069183,2023-07-10
1.66199994087219,1.67499995231628,1.65199995040894,1.65799999237061,1226264,1.48432171344757,2023-07-11
1.6710000038147,1.68900001049042,1.64999997615814,1.68900001049042,2250916,1.51207447052002,2023-07-12
1.69000005722046,1.72000002861023,1.67900002002716,1.69700002670288,2316521,1.51923632621765,2023-07-13
1.68499994277954,1.70099997520447,1.67200005054474,1.67400002479553,742121,1.49864566326141,2023-07-14
1.67599999904633,1.68299996852875,1.65600001811981,1.66999995708466,932474,1.4950647354126,2023-07-17
1.66999995708466,1.69599997997284,1.66799998283386,1.68299996852875,1138871,1.50670289993286,2023-07-18
1.69200003147125,1.72500002384186,1.69200003147125,1.7059999704361,1164700,1.52729368209839,2023-07-19
1.7039999961853,1.72200000286102,1.70000004768372,1.70000004768372,1078778,1.52192223072052,2023-07-20
1.70000004768372,1.72200000286102,1.70000004768372,1.72200000286102,1737430,1.54161763191223,2023-07-21
1.71200001239777,1.80499994754791,1.70899999141693,1.79999995231628,4032167,1.61144685745239,2023-07-24
1.80799996852875,1.81500005722046,1.77900004386902,1.78799998760223,1042509,1.60070395469666,2023-07-25
1.79799997806549,1.81500005722046,1.7610000371933,1.81299996376038,1640564,1.62308514118195,2023-07-26
1.81700003147125,1.84500002861023,1.78299999237061,1.78299999237061,2121867,1.59622776508331,2023-07-27
1.82000005245209,1.84700000286102,1.78100001811981,1.7960000038147,2010037,1.60786604881287,2023-07-28
1.7940000295639,1.84399998188019,1.78199994564056,1.84099996089935,1883842,1.64815211296082,2023-07-31
1.85000002384186,1.86600005626678,1.80499994754791,1.80999994277954,1378311,1.62039935588837,2023-08-01
1.80799996852875,1.80799996852875,1.78199994564056,1.7940000295639,941586,1.60607552528381,2023-08-02
1.81200003623962,1.81200003623962,1.76800000667572,1.7849999666214,1024349,1.59801816940308,2023-08-03
1.7960000038147,1.7960000038147,1.73800003528595,1.74000000953674,1708403,1.55773210525513,2023-08-04
1.74000000953674,1.75100004673004,1.7059999704361,1.73199999332428,1074893,1.55057013034821,2023-08-07
1.73199999332428,1.77300000190735,1.71599996089935,1.75300002098083,1415866,1.56937038898468,2023-08-08
1.76999998092651,1.77600002288818,1.75499999523163,1.77600002288818,702102,1.58996105194092,2023-08-09
1.78999996185303,1.80900001525879,1.77699995040894,1.80400002002716,1167966,1.61502802371979,2023-08-10
1.80499994754791,1.81200003623962,1.77499997615814,1.7960000038147,644874,1.60786604881287,2023-08-11
1.79900002479553,1.80999994277954,1.78999996185303,1.80400002002716,386159,1.61502802371979,2023-08-14
1.79799997806549,1.79799997806549,1.76699995994568,1.77699995040894,813950,1.59085619449615,2023-08-16
1.76999998092651,1.77100002765656,1.73300004005432,1.74100005626678,777203,1.55862736701965,2023-08-17
1.75100004673004,1.77400004863739,1.72899997234344,1.76800000667572,1347467,1.582799077034,2023-08-18
1.77300000190735,1.807000041008,1.76900005340576,1.7940000295639,1129637,1.60607552528381,2023-08-21
1.81200003623962,1.81200003623962,1.77600002288818,1.77900004386902,460097,1.5926468372345,2023-08-22
1.7960000038147,1.84300005435944,1.76499998569489,1.83000004291534,2100686,1.6383044719696,2023-08-23
1.84300005435944,1.85800004005432,1.82700002193451,1.85000002384186,1994329,1.65620934963226,2023-08-24
1.85199999809265,1.87999999523163,1.8400000333786,1.87999999523163,1793435,1.68306684494019,2023-08-25
1.88999998569489,1.89400005340576,1.84500002861023,1.87399995326996,1284703,1.67769527435303,2023-08-28
1.88199996948242,1.89400005340576,1.85300004482269,1.88800001144409,1169470,1.69022881984711,2023-08-29
1.88900005817413,1.89900004863739,1.87000000476837,1.88300001621246,1474486,1.68575251102448,2023-08-30
1.87999999523163,1.9099999666214,1.87800002098083,1.9099999666214,2134230,1.70992422103882,2023-08-31
1.89800000190735,1.91499996185303,1.89699995517731,1.90600001811981,1263922,1.70634329319,2023-09-01
1.90499997138977,1.92200005054474,1.87999999523163,1.87999999523163,672988,1.68306684494019,2023-09-04
1.87999999523163,1.89900004863739,1.86800003051758,1.88199996948242,571155,1.68485736846924,2023-09-05
1.88900005817413,1.88900005817413,1.85899996757507,1.85899996757507,1060229,1.66426658630371,2023-09-06
1.85199999809265,1.89800000190735,1.8400000333786,1.89800000190735,876825,1.69918131828308,2023-09-07
1.89999997615814,1.90299999713898,1.86800003051758,1.89199995994568,1166246,1.69380986690521,2023-09-08
1.90499997138977,1.91799998283386,1.88699996471405,1.90499997138977,798428,1.70544803142548,2023-09-11
1.89999997615814,1.92599999904633,1.89800000190735,1.9210000038147,1690119,1.71977210044861,2023-09-12
1.9190000295639,1.91999995708466,1.88300001621246,1.91999995708466,1050994,1.71887671947479,2023-09-13
1.91600000858307,1.9889999628067,1.91499996185303,1.98800003528595,3149775,1.77975368499756,2023-09-14
1.99000000953674,2.00999999046326,1.98099994659424,2.00200009346008,2969750,1.79228723049164,2023-09-15
2.00200009346008,2.0239999294281,1.95099997520447,1.95899999141693,1314944,1.75379145145416,2023-09-18
1.94900000095367,1.97599995136261,1.91999995708466,1.9559999704361,2129557,1.75110566616058,2023-09-19
1.95700001716614,1.97599995136261,1.94599997997284,1.97500002384186,971144,1.76811552047729,2023-09-20
1.95200002193451,1.95700001716614,1.8860000371933,1.8860000371933,1726172,1.68843829631805,2023-09-21
1.87999999523163,1.88199996948242,1.85800004005432,1.86600005626678,3169052,1.6705334186554,2023-09-22
1.86800003051758,1.88300001621246,1.82599997520447,1.85199999809265,896512,1.65799987316132,2023-09-25
1.83700001239777,1.85699999332428,1.8309999704361,1.85000002384186,1509221,1.65620934963226,2023-09-26
1.83899998664856,1.8400000333786,1.7849999666214,1.78799998760223,1726072,1.60070395469666,2023-09-27
1.79100000858307,1.80799996852875,1.77999997138977,1.79100000858307,1623563,1.60338973999023,2023-09-28
1.80400002002716,1.85699999332428,1.80200004577637,1.82500004768372,1734307,1.63382828235626,2023-09-29
1.8289999961853,1.8400000333786,1.78100001811981,1.78900003433228,1293973,1.60159933567047,2023-10-02
1.77100002765656,1.77100002765656,1.71200001239777,1.73699998855591,3373950,1.55504631996155,2023-10-03
1.72800004482269,1.76800000667572,1.71200001239777,1.72399997711182,4353797,1.54340803623199,2023-10-04
1.74100005626678,1.75800001621246,1.72399997711182,1.73000001907349,2479244,1.54877960681915,2023-10-05
1.74399995803833,1.74699997901917,1.682000041008,1.74699997901917,1963408,1.56399869918823,2023-10-06
1.75600004196167,1.75600004196167,1.72599995136261,1.75300002098083,913166,1.56937038898468,2023-10-09
1.75999999046326,1.79100000858307,1.75999999046326,1.78199994564056,992367,1.59533250331879,2023-10-10
1.79499995708466,1.80499994754791,1.78199994564056,1.79499995708466,1274024,1.60697066783905,2023-10-11
1.81200003623962,1.83500003814697,1.79299998283386,1.7960000038147,1213718,1.60786604881287,2023-10-12
1.79700005054474,1.82099997997284,1.78400003910065,1.80400002002716,1253604,1.61502802371979,2023-10-13
1.80900001525879,1.82799994945526,1.79100000858307,1.81500005722046,729068,1.62487578392029,2023-10-16
1.81400001049042,1.84500002861023,1.81400001049042,1.82299995422363,1449521,1.63203763961792,2023-10-17
1.80099999904633,1.82000005245209,1.79200005531311,1.79499995708466,922470,1.60697066783905,2023-10-18
1.7849999666214,1.817999958992,1.76600003242493,1.80900001525879,2259113,1.61950421333313,2023-10-19
1.80499994754791,1.80900001525879,1.77900004386902,1.7960000038147,748856,1.60786604881287,2023-10-20
1.7960000038147,1.80499994754791,1.75999999046326,1.77600002288818,966951,1.58996105194092,2023-10-23
1.76300001144409,1.82200002670288,1.76300001144409,1.807000041008,1712003,1.61771368980408,2023-10-24
1.82099997997284,1.83700001239777,1.76999998092651,1.80099999904633,2849329,1.61234223842621,2023-10-25
1.80599999427795,1.82700002193451,1.77900004386902,1.80499994754791,1416668,1.61592316627502,2023-10-26
1.79999995231628,1.82400000095367,1.78900003433228,1.7940000295639,1269021,1.60607552528381,2023-10-27
1.79700005054474,1.83700001239777,1.78400003910065,1.82099997997284,2961249,1.63024711608887,2023-10-30
1.83500003814697,1.88900005817413,1.82200002670288,1.88900005817413,4055571,1.69112408161163,2023-10-31
1.89499998092651,1.92799997329712,1.88100004196167,1.91400003433228,1053221,1.71350526809692,2023-11-01
1.9210000038147,1.9650000333786,1.90499997138977,1.942999958992,2687376,1.73946738243103,2023-11-02
1.9539999961853,1.98000001907349,1.94099998474121,1.95000004768372,1492742,1.74573421478271,2023-11-03
1.95500004291534,1.95500004291534,1.9210000038147,1.94000005722046,1135021,1.73678183555603,2023-11-06
1.92999994754791,1.9559999704361,1.91499996185303,1.93599998950958,1610038,1.73320066928864,2023-11-07
1.93900001049042,1.94099998474121,1.89499998092651,1.92400002479553,4045078,1.7224577665329,2023-11-08
1.92700004577637,1.94700002670288,1.87600004673004,1.90299999713898,1947244,1.70365750789642,2023-11-09
1.90699994564056,1.90699994564056,1.83700001239777,1.90199995040894,1838147,1.7027622461319,2023-11-10
1.89400005340576,1.91299998760223,1.88399994373322,1.88999998569489,866062,1.69201934337616,2023-11-13
1.90499997138977,1.94700002670288,1.88499999046326,1.93700003623962,1981065,1.73409605026245,2023-11-14
1.94500005245209,1.97899997234344,1.93700003623962,1.9650000333786,2153029,1.75916302204132,2023-11-15
1.97899997234344,2.0220000743866,1.97200000286102,1.99199998378754,3559454,1.78333461284637,2023-11-16
1.98800003528595,2.01399993896484,1.98099994659424,1.99600005149841,2130335,1.78691565990448,2023-11-17
2,2.01999998092651,1.99500000476837,2.00399994850159,1864544,1.7940776348114,2023-11-20
2.00399994850159,2.01799988746643,1.98399996757507,2,1721224,1.7904965877533,2023-11-21
2.00399994850159,2.02999997138977,2.00399994850159,2.00399994850159,1715015,1.7940776348114,2023-11-22
1.99100005626678,2.01799988746643,1.9889999628067,2.00399994850159,528441,1.7940776348114,2023-11-23
2.01600003242493,2.01999998092651,2,2.00600004196167,650039,1.79586815834045,2023-11-24
2.01399993896484,2.0460000038147,2.00600004196167,2.0460000038147,1661330,1.83167803287506,2023-11-27
2.04800009727478,2.09200000762939,2.03800010681152,2.08400011062622,1892410,1.86569762229919,2023-11-28
2.09400010108948,2.10199999809265,2.0460000038147,2.04999995231628,1396364,1.83525907993317,2023-11-29
2.05999994277954,2.05999994277954,2.01399993896484,2.03800010681152,2372524,1.82451617717743,2023-11-30
2.03200006484985,2.04800009727478,2.00799989700317,2.01399993896484,1352147,1.80303013324738,2023-12-01
2.00399994850159,2.04800009727478,2.00399994850159,2.03600001335144,1143418,1.82272553443909,2023-12-04
2.03200006484985,2.08599996566772,2.03200006484985,2.07999992370605,1469565,1.8621164560318,2023-12-05
2.09599995613098,2.10199999809265,2.04999995231628,2.07399988174438,939958,1.85674488544464,2023-12-06
2.07999992370605,2.09200000762939,2.06399989128113,2.08400011062622,888441,1.86569762229919,2023-12-07
2.08200001716614,2.08400011062622,2.05999994277954,2.07999992370605,649900,1.8621164560318,2023-12-08
2.07999992370605,2.08400011062622,2.04800009727478,2.05999994277954,826427,1.84421145915985,2023-12-11
2.06800007820129,2.0699999332428,2.02800011634827,2.04200005531311,1189309,1.82809710502625,2023-12-12
2.03399991989136,2.08400011062622,2.03399991989136,2.07999992370605,1536957,1.8621164560318,2023-12-13
2.09999990463257,2.13000011444092,2.07800006866455,2.11400008201599,1661068,1.89255511760712,2023-12-14
2.12400007247925,2.12400007247925,2.08400011062622,2.09599995613098,1987612,1.87644040584564,2023-12-15
2.09200000762939,2.09999990463257,2.04200005531311,2.04200005531311,1085227,1.82809710502625,2023-12-18
2.03999996185303,2.07399988174438,2.03999996185303,2.06599998474121,1198319,1.84958302974701,2023-12-19
2.06200003623962,2.06399989128113,2.03600001335144,2.05800008773804,1011271,1.84242105484009,2023-12-20
2.03999996185303,2.04399991035461,2.00799989700317,2.02600002288818,1553747,1.8137731552124,2023-12-21
2.01999998092651,2.02800011634827,1.99500000476837,2.01399993896484,915220,1.80303013324738,2023-12-22
2.01999998092651,2.01999998092651,1.98500001430511,1.9889999628067,1047233,1.7806488275528,2023-12-27
2.00399994850159,2.00399994850159,1.96300005912781,1.97300004959106,1134418,1.76632499694824,2023-12-28
1.97300004959106,1.98199999332428,1.96300005912781,1.97300004959106,994388,1.76632499694824,2023-12-29
1.99600005149841,2.00200009346008,1.95000004768372,1.95500004291534,1303288,1.75021052360535,2024-01-02
1.95500004291534,1.96599996089935,1.9210000038147,1.93799996376038,1884843,1.73499119281769,2024-01-03
1.95299994945526,1.96300005912781,1.93799996376038,1.96099996566772,1656135,1.75558197498322,2024-01-04
1.95099997520447,1.9650000333786,1.93799996376038,1.95799994468689,869687,1.75289618968964,2024-01-05
1.96099996566772,1.97000002861023,1.93900001049042,1.9559999704361,1248340,1.75110566616058,2024-01-08
1.95700001716614,1.99800002574921,1.95500004291534,1.99199998378754,1303660,1.78333461284637,2024-01-09
1.99600005149841,2.00600004196167,1.96899998188019,1.97099995613098,1007258,1.76453447341919,2024-01-10
1.99100005626678,1.99100005626678,1.93900001049042,1.94200003147125,956165,1.73857235908508,2024-01-11
1.96000003814697,2.00200009346008,1.95099997520447,2,1292423,1.7904965877533,2024-01-12
1.97599995136261,2.00399994850159,1.97300004959106,1.98399996757507,1224253,1.77617263793945,2024-01-15
1.98099994659424,1.99399995803833,1.94500005245209,1.98199999332428,1720472,1.7743821144104,2024-01-16
1.96000003814697,1.96700000762939,1.90100002288818,1.91499996185303,3682111,1.71440052986145,2024-01-17
1.91999995708466,1.94799995422363,1.89300000667572,1.89600002765656,2250215,1.69739079475403,2024-01-18
1.89999997615814,1.96000003814697,1.875,1.87699997425079,2524008,1.68038105964661,2024-01-19
1.89699995517731,1.90400004386902,1.86600005626678,1.87399995326996,1824893,1.67769527435303,2024-01-22
1.88300001621246,1.88499999046326,1.84099996089935,1.85899996757507,2720881,1.66426658630371,2024-01-23
1.87899994850159,1.87899994850159,1.85599994659424,1.86000001430511,1480428,1.66516184806824,2024-01-24
1.85500001907349,1.89300000667572,1.84500002861023,1.88900005817413,1647380,1.69112408161163,2024-01-25
1.89999997615814,1.94000005722046,1.88900005817413,1.91999995708466,1985556,1.71887671947479,2024-01-26
1.92599999904633,1.93499994277954,1.89600002765656,1.89800000190735,1242226,1.69918131828308,2024-01-29
1.90900003910065,1.92700004577637,1.89100003242493,1.89400005340576,2654031,1.69560039043427,2024-01-30
1.89400005340576,1.95299994945526,1.88499999046326,1.94900000095367,2590851,1.74483895301819,2024-01-31
1.95099997520447,1.9559999704361,1.91100001335144,1.91600000858307,1974039,1.71529579162598,2024-02-01
1.94099998474121,1.95200002193451,1.90699994564056,1.90699994564056,1423690,1.70723843574524,2024-02-02
1.90699994564056,1.92400002479553,1.86899995803833,1.875,1482296,1.67859065532684,2024-02-05
1.86899995803833,1.87600004673004,1.84200000762939,1.8639999628067,2230140,1.66874277591705,2024-02-06
1.86300003528595,1.86899995803833,1.82500004768372,1.83200001716614,1555532,1.64009499549866,2024-02-07
1.82599997520447,1.84800004959106,1.81200003623962,1.81200003623962,1597431,1.62218999862671,2024-02-08
1.81299996376038,1.81299996376038,1.76499998569489,1.77499997615814,3812958,1.58906579017639,2024-02-09
1.7940000295639,1.82500004768372,1.78799998760223,1.80999994277954,1309708,1.62039935588837,2024-02-12
1.81200003623962,1.83899998664856,1.80299997329712,1.80499994754791,1659411,1.61592316627502,2024-02-13
1.80299997329712,1.8400000333786,1.80299997329712,1.82500004768372,1362685,1.63382828235626,2024-02-14
1.83000004291534,1.84300005435944,1.82299995422363,1.8289999961853,974918,1.63740921020508,2024-02-15
1.83200001716614,1.84800004959106,1.81299996376038,1.83599996566772,1327968,1.64367592334747,2024-02-16
1.8400000333786,1.85899996757507,1.83399999141693,1.85399997234344,1306134,1.65979039669037,2024-02-19
1.86300003528595,1.87399995326996,1.84599995613098,1.86000001430511,807956,1.66516184806824,2024-02-20
1.86699998378754,1.86800003051758,1.85000002384186,1.86699998378754,884677,1.67142856121063,2024-02-21
1.87199997901917,1.87999999523163,1.8289999961853,1.8309999704361,1612381,1.63919961452484,2024-02-22
1.82599997520447,1.83800005912781,1.81299996376038,1.83299994468689,2015457,1.6409900188446,2024-02-23
1.8400000333786,1.8400000333786,1.80799996852875,1.80999994277954,1648916,1.62039935588837,2024-02-26
1.807000041008,1.83599996566772,1.80599999427795,1.82500004768372,1583922,1.63382828235626,2024-02-27
1.83800005912781,1.83800005912781,1.81500005722046,1.817999958992,821153,1.62756145000458,2024-02-28
1.817999958992,1.83800005912781,1.81500005722046,1.82200002670288,2030343,1.63114249706268,2024-02-29
1.82400000095367,1.83700001239777,1.79499995708466,1.817999958992,1386728,1.62756145000458,2024-03-01
1.817999958992,1.83299994468689,1.807000041008,1.81700003147125,1433457,1.62666618824005,2024-03-04
1.8289999961853,1.88999998569489,1.81900000572205,1.8860000371933,2184805,1.68843829631805,2024-03-05
1.8860000371933,1.95799994468689,1.87600004673004,1.92299997806549,5723866,1.72156250476837,2024-03-06
1.92299997806549,1.9539999961853,1.89600002765656,1.932000041008,1774042,1.72961986064911,2024-03-07
1.92799997329712,1.95899999141693,1.91700005531311,1.95000004768372,1674186,1.74573421478271,2024-03-08
1.94000005722046,1.94700002670288,1.89699995517731,1.93499994277954,2184258,1.7323055267334,2024-03-11
1.94000005722046,1.95000004768372,1.91100001335144,1.92900002002716,2065668,1.72693395614624,2024-03-12
1.94200003147125,1.9539999961853,1.91499996185303,1.94200003147125,2981465,1.73857235908508,2024-03-13
1.95000004768372,1.97699999809265,1.91999995708466,1.91999995708466,2148207,1.71887671947479,2024-03-14
1.93299996852875,1.94099998474121,1.9190000295639,1.93900001049042,1499011,1.73588645458221,2024-03-15
1.93900001049042,1.94799995422363,1.90699994564056,1.90900003910065,1232289,1.70902907848358,2024-03-18
1.90900003910065,1.90900003910065,1.87800002098083,1.90100002288818,1345478,1.70186710357666,2024-03-19
1.90699994564056,1.91700005531311,1.88800001144409,1.90100002288818,875605,1.70186710357666,2024-03-20
1.90199995040894,1.91499996185303,1.87000000476837,1.87000000476837,1618253,1.67411434650421,2024-03-21
1.88100004196167,1.89199995994568,1.86199998855591,1.87699997425079,1129756,1.68038105964661,2024-03-22
1.88300001621246,1.89999997615814,1.87300002574921,1.89499998092651,918916,1.6964955329895,2024-03-25
1.89499998092651,1.91999995708466,1.87699997425079,1.87699997425079,2027441,1.68038105964661,2024-03-26
1.88999998569489,1.89499998092651,1.87000000476837,1.89499998092651,1484132,1.6964955329895,2024-03-27
1.90600001811981,1.93700003623962,1.87100005149841,1.89400005340576,2066343,1.69560039043427,2024-03-28
1.91799998283386,1.92400002479553,1.80999994277954,1.80999994277954,4711724,1.62039935588837,2024-04-02
1.76400005817413,1.78600001335144,1.71099996566772,1.74699997901917,8347377,1.56399869918823,2024-04-03
1.73800003528595,1.75300002098083,1.72300004959106,1.74500000476837,5043738,1.56220829486847,2024-04-04
1.73800003528595,1.74300003051758,1.7059999704361,1.70799994468689,4072473,1.52908408641815,2024-04-05
1.71399998664856,1.74399995803833,1.71000003814697,1.74300003051758,3751643,1.56041789054871,2024-04-08
1.74500000476837,1.7610000371933,1.73099994659424,1.75300002098083,3406089,1.56937038898468,2024-04-09
1.76199996471405,1.77600002288818,1.73500001430511,1.74399995803833,3427550,1.56131303310394,2024-04-10
1.74899995326996,1.76800000667572,1.73099994659424,1.74800002574921,3565501,1.56489408016205,2024-04-11
1.76800000667572,1.79700005054474,1.76199996471405,1.76199996471405,1953474,1.57742750644684,2024-04-12
1.76199996471405,1.78400003910065,1.76199996471405,1.76999998092651,1259266,1.58458948135376,2024-04-15
1.75499999523163,1.76699995994568,1.72399997711182,1.72699999809265,2547885,1.54609382152557,2024-04-16
1.72300004959106,1.74800002574921,1.70799994468689,1.73399996757507,2338912,1.55236053466797,2024-04-17
1.74000000953674,1.75600004196167,1.72699999809265,1.75600004196167,2992428,1.57205617427826,2024-04-18
1.75399994850159,1.77999997138977,1.73199999332428,1.77999997138977,1982628,1.59354197978973,2024-04-19
1.78999996185303,1.80799996852875,1.76900005340576,1.80799996852875,3087973,1.6186089515686,2024-04-22
1.80799996852875,1.83700001239777,1.79200005531311,1.83299994468689,2917714,1.6409900188446,2024-04-23
1.82500004768372,1.84599995613098,1.81299996376038,1.83299994468689,1988651,1.6409900188446,2024-04-24
1.83299994468689,1.84700000286102,1.82200002670288,1.83500003814697,1582405,1.64278078079224,2024-04-25
1.83599996566772,1.84200000762939,1.81900000572205,1.82200002670288,1547144,1.63114249706268,2024-04-26
1.8289999961853,1.9099999666214,1.82599997520447,1.9099999666214,4142967,1.70992422103882,2024-04-29
1.90199995040894,1.91600000858307,1.87199997901917,1.88399994373322,2731261,1.686647772789,2024-04-30
1.88800001144409,1.91999995708466,1.88800001144409,1.89999997615814,2458923,1.70097172260284,2024-05-02
1.91299998760223,1.92200005054474,1.87699997425079,1.8860000371933,2320793,1.68843829631805,2024-05-03
1.89999997615814,1.90900003910065,1.87399995326996,1.88499999046326,1772458,1.68754315376282,2024-05-06
1.88699996471405,1.89199995994568,1.72899997234344,1.83500003814697,18081840,1.64278078079224,2024-05-07
1.82799994945526,1.84099996089935,1.76999998092651,1.79100000858307,10662631,1.60338973999023,2024-05-08
1.78799998760223,1.82400000095367,1.78799998760223,1.81099998950958,3586044,1.62129473686218,2024-05-09
1.82599997520447,1.85899996757507,1.82599997520447,1.82700002193451,5223749,1.63561868667603,2024-05-10
1.83700001239777,1.85399997234344,1.82700002193451,1.84099996089935,3122098,1.64815211296082,2024-05-13
1.85000002384186,1.86199998855591,1.83599996566772,1.84800004959106,3287219,1.6544189453125,2024-05-14
1.85099995136261,1.89300000667572,1.83500003814697,1.89300000667572,4869580,1.69470500946045,2024-05-15
1.85399997234344,1.89999997615814,1.83599996566772,1.89999997615814,4551775,1.70097172260284,2024-05-16
1.88499999046326,1.89199995994568,1.8400000333786,1.85899996757507,5819689,1.66426658630371,2024-05-17
1.86800003051758,1.9099999666214,1.86099994182587,1.90499997138977,4750253,1.70544803142548,2024-05-20
1.89800000190735,1.89900004863739,1.85099995136261,1.86500000953674,3930140,1.66963815689087,2024-05-21
1.87000000476837,1.88100004196167,1.84700000286102,1.86300003528595,3297630,1.66784763336182,2024-05-22
1.86000001430511,1.86000001430511,1.8289999961853,1.8289999961853,3012954,1.63740921020508,2024-05-23
1.82599997520447,1.82599997520447,1.80499994754791,1.81900000572205,1997155,1.6284567117691,2024-05-24
1.82000005245209,1.875,1.81500005722046,1.86099994182587,3724391,1.66605710983276,2024-05-27
1.86699998378754,1.87999999523163,1.85199999809265,1.86899995803833,3703648,1.67321908473969,2024-05-28
1.85000002384186,1.875,1.83700001239777,1.83700001239777,3606348,1.644571185112,2024-05-29
1.83599996566772,1.88300001621246,1.83200001716614,1.88300001621246,2458348,1.68575251102448,2024-05-30
1.88300001621246,1.88900005817413,1.86800003051758,1.88900005817413,3524651,1.69112408161163,2024-05-31
1.89600002765656,1.92599999904633,1.89400005340576,1.91999995708466,3475264,1.71887671947479,2024-06-03
1.91999995708466,1.93900001049042,1.90299999713898,1.93700003623962,2568180,1.73409605026245,2024-06-04
1.94000005722046,1.97200000286102,1.93900001049042,1.94700002670288,3189897,1.74304854869843,2024-06-05
1.95200002193451,1.95899999141693,1.932000041008,1.95000004768372,2723984,1.74573421478271,2024-06-06
1.95200002193451,1.9539999961853,1.90299999713898,1.91799998283386,2302112,1.71708631515503,2024-06-07
1.89999997615814,1.92200005054474,1.89400005340576,1.92200005054474,1605173,1.72066736221313,2024-06-10
1.92599999904633,1.92599999904633,1.8639999628067,1.875,2010193,1.67859065532684,2024-06-11
1.87999999523163,1.90600001811981,1.87100005149841,1.89300000667572,1944123,1.69470500946045,2024-06-12
1.88999998569489,1.90299999713898,1.86899995803833,1.87300002574921,2131561,1.67680013179779,2024-06-13
1.86500000953674,1.87300002574921,1.82200002670288,1.84800004959106,3086085,1.6544189453125,2024-06-14
1.84300005435944,1.88100004196167,1.84300005435944,1.85899996757507,2348447,1.66426658630371,2024-06-17
1.875,1.89400005340576,1.86300003528595,1.88900005817413,2226645,1.69112408161163,2024-06-18
1.89900004863739,1.91499996185303,1.88699996471405,1.90199995040894,1883914,1.7027622461319,2024-06-19
1.89499998092651,1.94400000572205,1.89499998092651,1.92900002002716,3846289,1.72693395614624,2024-06-20
1.92999994754791,1.95899999141693,1.92900002002716,1.94799995422363,17241155,1.74394369125366,2024-06-21
1.94000005722046,1.97399997711182,1.91100001335144,1.96899998188019,3158354,1.76274383068085,2024-06-24
1.97000002861023,2.00600004196167,1.96099996566772,1.99000000953674,4411414,1.78154420852661,2024-06-25
1.99000000953674,1.99100005626678,1.95500004291534,1.97300004959106,3154057,1.76632499694824,2024-06-26
1.99000000953674,1.99000000953674,1.94599997997284,1.96599996089935,1918373,1.76005816459656,2024-06-27
1.95799994468689,1.98500001430511,1.93900001049042,1.93900001049042,2982486,1.73588645458221,2024-06-28
1.97000002861023,1.99000000953674,1.942999958992,1.942999958992,2619376,1.73946738243103,2024-07-01
1.94799995422363,1.94799995422363,1.90400004386902,1.91499996185303,2745761,1.71440052986145,2024-07-02
1.93900001049042,1.96399998664856,1.92999994754791,1.95700001716614,2131083,1.75200092792511,2024-07-03
1.96099996566772,1.97599995136261,1.95200002193451,1.97500002384186,1541837,1.76811552047729,2024-07-04
1.97699999809265,2.00399994850159,1.97399997711182,2.00200009346008,3959156,1.79228723049164,2024-07-05
1.99699997901917,2.01399993896484,1.96800005435944,1.96800005435944,3861610,1.7618488073349,2024-07-08
1.97300004959106,1.99500000476837,1.96399998664856,1.98199999332428,1980179,1.7743821144104,2024-07-09
1.9889999628067,2.01399993896484,1.9889999628067,1.99800002574921,2183089,1.78870618343353,2024-07-10
1.99800002574921,2.02800011634827,1.99199998378754,2.00399994850159,2257863,1.7940776348114,2024-07-11
2.00999999046326,2.0239999294281,1.99300003051758,1.99500000476837,4137865,1.78602051734924,2024-07-12
1.99600005149841,1.99899995326996,1.96300005912781,1.96300005912781,3006508,1.75737249851227,2024-07-15
1.96300005912781,1.97699999809265,1.94799995422363,1.9559999704361,1810166,1.75110566616058,2024-07-16
1.96099996566772,1.98800003528595,1.95899999141693,1.97500002384186,2183640,1.76811552047729,2024-07-17
1.98699998855591,1.99500000476837,1.96700000762939,1.99500000476837,2883565,1.78602051734924,2024-07-18
1.98699998855591,1.99600005149841,1.96700000762939,1.98399996757507,3635943,1.77617263793945,2024-07-19
1.89999997615814,1.9099999666214,1.87899994850159,1.89199995994568,4135122,1.80169355869293,2024-07-22
1.89999997615814,1.90699994564056,1.88199996948242,1.88900005817413,2125336,1.79883682727814,2024-07-23
1.8860000371933,1.92799997329712,1.88399994373322,1.9210000038147,2330124,1.82930934429169,2024-07-24
1.91999995708466,1.94500005245209,1.88800001144409,1.92799997329712,2193074,1.8359751701355,2024-07-25
1.92499995231628,1.93700003623962,1.90199995040894,1.92999994754791,1603373,1.83787977695465,2024-07-26
1.95200002193451,1.95200002193451,1.90400004386902,1.91199994087219,1490075,1.82073891162872,2024-07-29
1.91199994087219,1.91499996185303,1.87600004673004,1.89900004863739,2205226,1.80835950374603,2024-07-30
1.90100002288818,1.90699994564056,1.87899994850159,1.87999999523163,1684188,1.79026627540588,2024-07-31
1.88199996948242,1.88300001621246,1.82299995422363,1.82299995422363,3063957,1.73598694801331,2024-08-01
1.82299995422363,1.85000002384186,1.80200004577637,1.82599997520447,2619418,1.73884379863739,2024-08-02
1.77100002765656,1.80499994754791,1.75899994373322,1.7849999666214,3412115,1.69980072975159,2024-08-05
1.78400003910065,1.81500005722046,1.77600002288818,1.81500005722046,2035735,1.72836887836456,2024-08-06
1.83299994468689,1.84200000762939,1.80799996852875,1.83000004291534,1241316,1.74265289306641,2024-08-07
1.83200001716614,1.84599995613098,1.80799996852875,1.84599995613098,2025050,1.75788915157318,2024-08-08
1.84599995613098,1.85500001907349,1.8289999961853,1.83399999141693,679065,1.74646186828613,2024-08-09
1.82700002193451,1.85300004482269,1.82700002193451,1.85300004482269,965826,1.76455509662628,2024-08-12
1.85000002384186,1.87000000476837,1.84500002861023,1.87000000476837,1543642,1.78074359893799,2024-08-13
1.86699998378754,1.87399995326996,1.85199999809265,1.85300004482269,1016574,1.76455509662628,2024-08-14
1.86099994182587,1.88499999046326,1.86099994182587,1.87899994850159,1292839,1.78931403160095,2024-08-16
1.87399995326996,1.91400003433228,1.87399995326996,1.89800000190735,1393786,1.80740714073181,2024-08-19
1.88999998569489,1.91400003433228,1.88999998569489,1.90299999713898,848026,1.81216847896576,2024-08-20
1.90199995040894,1.92299997806549,1.89999997615814,1.90299999713898,974262,1.81216847896576,2024-08-21
1.90900003910065,1.91600000858307,1.89999997615814,1.90100002288818,556576,1.8102639913559,2024-08-22
1.91600000858307,1.93700003623962,1.90600001811981,1.93700003623962,1498602,1.84454572200775,2024-08-23
1.93700003623962,1.93700003623962,1.9190000295639,1.9190000295639,676682,1.82740485668182,2024-08-26
1.91600000858307,1.93499994277954,1.91600000858307,1.92400002479553,999522,1.83216619491577,2024-08-27
1.92400002479553,1.96000003814697,1.92400002479553,1.96000003814697,2162576,1.86644792556763,2024-08-28
1.96300005912781,1.96399998664856,1.93099999427795,1.93400001525879,1016996,1.84168887138367,2024-08-29
1.93400001525879,1.95799994468689,1.93400001525879,1.95700001716614,1767926,1.86359107494354,2024-08-30
1.95700001716614,1.96000003814697,1.94200003147125,1.9559999704361,915607,1.86263871192932,2024-09-02
1.95799994468689,1.95799994468689,1.93299996852875,1.95299994945526,1270937,1.85978198051453,2024-09-03
1.91499996185303,1.96599996089935,1.91499996185303,1.96000003814697,1977059,1.86644792556763,2024-09-04
1.95000004768372,1.97899997234344,1.95000004768372,1.97599995136261,1551885,1.88168406486511,2024-09-05
1.97899997234344,1.99300003051758,1.96800005435944,1.98099994659424,2024368,1.88644552230835,2024-09-06
1.99000000953674,2.01200008392334,1.97200000286102,2,3189142,1.90453863143921,2024-09-09
2,2.02800011634827,1.99100005626678,1.99899995326996,2299777,1.90358626842499,2024-09-10
1.99899995326996,2.00999999046326,1.97699999809265,1.99000000953674,1468892,1.89501595497131,2024-09-11
2,2.00600004196167,1.97399997711182,1.97399997711182,1201780,1.87977957725525,2024-09-12
1.97800004482269,2.00999999046326,1.97800004482269,1.99899995326996,1729361,1.90358626842499,2024-09-13
2.00200009346008,2.01799988746643,2,2.00799989700317,1553112,1.91215670108795,2024-09-16
2.01999998092651,2.01999998092651,2,2.00600004196167,1180584,1.91025233268738,2024-09-17
2.01600003242493,2.01999998092651,1.99399995803833,2.01200008392334,1496975,1.91596591472626,2024-09-18
2.01200008392334,2.02800011634827,1.97599995136261,1.99000000953674,2980553,1.89501595497131,2024-09-19
1.99300003051758,1.99500000476837,1.97899997234344,1.98599994182587,2511638,1.8912068605423,2024-09-20
1.99000000953674,2.02600002288818,1.98599994182587,2.0239999294281,2065045,1.92739307880402,2024-09-23
2.0220000743866,2.02999997138977,2,2.0239999294281,1476497,1.92739307880402,2024-09-24
2.00999999046326,2.02999997138977,2.00999999046326,2.02999997138977,848242,1.9331066608429,2024-09-25
2.03800010681152,2.04800009727478,2.01799988746643,2.02999997138977,1430782,1.9331066608429,2024-09-26
2.02999997138977,2.04999995231628,2.01600003242493,2.03399991989136,1818373,1.93691575527191,2024-09-27
2.03999996185303,2.0460000038147,2.01600003242493,2.03399991989136,1439499,1.93691575527191,2024-09-30
2.04200005531311,2.05800008773804,2.03200006484985,2.05399990081787,1570810,1.9559611082077,2024-10-01
2.05200004577637,2.05200004577637,2.01999998092651,2.0239999294281,2043910,1.92739307880402,2024-10-02
2.0239999294281,2.03800010681152,1.96099996566772,1.96099996566772,2231874,1.86740005016327,2024-10-03
1.9559999704361,1.99300003051758,1.94000005722046,1.9650000333786,1762177,1.87120926380157,2024-10-04
1.97800004482269,1.9889999628067,1.95700001716614,1.96899998188019,1036336,1.8750182390213,2024-10-07
1.95700001716614,1.97099995613098,1.95700001716614,1.97000002861023,425386,1.87597060203552,2024-10-08
1.98000001907349,1.98300004005432,1.96300005912781,1.97399997711182,1062962,1.87977957725525,2024-10-09
1.98199999332428,1.99000000953674,1.96399998664856,1.98399996757507,904347,1.88930225372314,2024-10-10
1.97200000286102,2.0220000743866,1.97200000286102,2.0220000743866,1108348,1.92548859119415,2024-10-11
2.0220000743866,2.03999996185303,2.01399993896484,2.03999996185303,1487316,1.94262933731079,2024-10-14
2.03999996185303,2.07599997520447,2.03399991989136,2.05599999427795,1787328,1.95786571502686,2024-10-15
2.05399990081787,2.08400011062622,2.03999996185303,2.07399988174438,1102145,1.97500646114349,2024-10-16
2.08400011062622,2.08999991416931,2.07200002670288,2.07599997520447,1075623,1.97691106796265,2024-10-17
2.07800006866455,2.09400010108948,2.06399989128113,2.09400010108948,1455800,1.99405205249786,2024-10-18
2.09599995613098,2.09999990463257,2.06399989128113,2.06800007820129,1251522,1.9692929983139,2024-10-21
2.06800007820129,2.06800007820129,2.03200006484985,2.03200006484985,2235169,1.93501126766205,2024-10-22
2.03999996185303,2.05800008773804,2.03999996185303,2.0460000038147,877656,1.94834303855896,2024-10-23
2.05800008773804,2.06599998474121,2.02600002288818,2.03999996185303,1494995,1.94262933731079,2024-10-24
2.03999996185303,2.05200004577637,2.02800011634827,2.03600001335144,764768,1.93882036209106,2024-10-25
2.03200006484985,2.04999995231628,2.03200006484985,2.04399991035461,825404,1.94643843173981,2024-10-28
2.04399991035461,2.05200004577637,2.0239999294281,2.0239999294281,909100,1.92739307880402,2024-10-29
2.0239999294281,2.0460000038147,2.01600003242493,2.01799988746643,1083916,1.92167937755585,2024-10-30
2.00200009346008,2.01200008392334,1.98000001907349,1.99300003051758,1631843,1.8978728055954,2024-10-31
1.99300003051758,2.00600004196167,1.97399997711182,1.97399997711182,968917,1.87977957725525,2024-11-01
1.97500002384186,1.98099994659424,1.95500004291534,1.95500004291534,1158320,1.86168658733368,2024-11-04
1.96000003814697,1.97200000286102,1.94900000095367,1.94900000095367,940061,1.85597288608551,2024-11-05
1.94900000095367,1.95200002193451,1.89499998092651,1.91100001335144,2126220,1.81978666782379,2024-11-06
1.9190000295639,1.93700003623962,1.9099999666214,1.92900002002716,1896636,1.83692753314972,2024-11-07
1.92900002002716,1.95200002193451,1.9210000038147,1.94900000095367,1598940,1.85597288608551,2024-11-08
1.9539999961853,1.98699998855591,1.95200002193451,1.97899997234344,1602777,1.8845409154892,2024-11-11
1.97899997234344,1.98099994659424,1.92200005054474,1.92799997329712,1082505,1.8359751701355,2024-11-12
1.92499995231628,1.93599998950958,1.90699994564056,1.91999995708466,1434846,1.82835710048676,2024-11-13
1.92799997329712,1.94700002670288,1.90600001811981,1.94700002670288,1500830,1.85406839847565,2024-11-14
1.94700002670288,1.96300005912781,1.89100003242493,1.90900003910065,6244323,1.81788218021393,2024-11-15
1.90900003910065,1.93499994277954,1.90799999237061,1.91600000858307,1284678,1.82454800605774,2024-11-18
1.92400002479553,1.92700004577637,1.88900005817413,1.92400002479553,960699,1.83216619491577,2024-11-19
1.92400002479553,1.93400001525879,1.91199994087219,1.91499996185303,792484,1.82359576225281,2024-11-20
1.90900003910065,1.92499995231628,1.90600001811981,1.91999995708466,643755,1.82835710048676,2024-11-21
1.92999994754791,1.9539999961853,1.92299997806549,1.94799995422363,1490418,1.85502064228058,2024-11-22
1.95899999141693,1.97599995136261,1.95099997520447,1.97399997711182,1103606,1.87977957725525,2024-11-25
1.95799994468689,1.97599995136261,1.95299994945526,1.96899998188019,892077,1.8750182390213,2024-11-26
1.96200001239777,1.98000001907349,1.95099997520447,1.97500002384186,872209,1.88073194026947,2024-11-27
1.9650000333786,1.99199998378754,1.9650000333786,1.98699998855591,770203,1.89215910434723,2024-11-28
1.9889999628067,1.99800002574921,1.97099995613098,1.97699999809265,1012023,1.88263642787933,2024-11-29
1.97200000286102,1.99399995803833,1.95500004291534,1.96300005912781,1766114,1.86930477619171,2024-12-02
1.97000002861023,1.98000001907349,1.9559999704361,1.96899998188019,1146135,1.8750182390213,2024-12-03
1.95899999141693,1.97399997711182,1.95299994945526,1.95500004291534,1336738,1.86168658733368,2024-12-04
1.9650000333786,1.98599994182587,1.95799994468689,1.98599994182587,1426811,1.8912068605423,2024-12-05
1.99000000953674,2.01399993896484,1.98000001907349,1.98300004005432,1367903,1.8883501291275,2024-12-06
1.98000001907349,1.98699998855591,1.94700002670288,1.94700002670288,1446893,1.85406839847565,2024-12-09
1.94400000572205,1.9650000333786,1.94200003147125,1.95899999141693,1104098,1.86549556255341,2024-12-10
1.95000004768372,1.96099996566772,1.942999958992,1.94500005245209,1437698,1.85216391086578,2024-12-11
1.95000004768372,1.95799994468689,1.942999958992,1.942999958992,942641,1.85025918483734,2024-12-12
1.942999958992,1.95200002193451,1.93900001049042,1.94099998474121,899551,1.84835469722748,2024-12-13
1.94099998474121,1.94400000572205,1.91999995708466,1.92400002479553,1844106,1.83216619491577,2024-12-16
1.91999995708466,1.92200005054474,1.87999999523163,1.89600002765656,2368122,1.80550265312195,2024-12-17
1.88399994373322,1.89800000190735,1.87800002098083,1.87999999523163,942940,1.79026627540588,2024-12-18
1.86500000953674,1.87699997425079,1.85599994659424,1.86699998378754,1823465,1.7778867483139,2024-12-19
1.85500001907349,1.87300002574921,1.84700000286102,1.87000000476837,4942519,1.78074359893799,2024-12-20
1.87300002574921,1.90400004386902,1.86300003528595,1.90299999713898,1072650,1.81216847896576,2024-12-23
1.89800000190735,1.90600001811981,1.88999998569489,1.90600001811981,652240,1.81502532958984,2024-12-27
1.91299998760223,1.92400002479553,1.90499997138977,1.9190000295639,733302,1.82740485668182,2024-12-30
1.94599997997284,1.95700001716614,1.92700004577637,1.95500004291534,1169532,1.86168658733368,2025-01-02
1.95799994468689,1.95799994468689,1.93599998950958,1.93799996376038,884815,1.84549784660339,2025-01-03
1.93799996376038,1.94200003147125,1.91199994087219,1.9210000038147,845195,1.82930934429169,2025-01-06
1.92900002002716,1.932000041008,1.90400004386902,1.92799997329712,1070056,1.8359751701355,2025-01-07
1.91999995708466,1.92499995231628,1.89800000190735,1.91400003433228,1299707,1.82264351844788,2025-01-08
1.9099999666214,1.942999958992,1.90499997138977,1.93400001525879,1451071,1.84168887138367,2025-01-09
1.92700004577637,1.93799996376038,1.88399994373322,1.8860000371933,2176700,1.79597997665405,2025-01-10
1.87999999523163,1.90100002288818,1.875,1.875,1103372,1.78550493717194,2025-01-13
1.8860000371933,1.89699995517731,1.87800002098083,1.88900005817413,1512404,1.79883682727814,2025-01-14
1.90799999237061,1.92599999904633,1.89699995517731,1.92599999904633,1193756,1.83407068252563,2025-01-15
1.97399997711182,2.01799988746643,1.95200002193451,1.99000000953674,3613748,1.89501595497131,2025-01-16
2,2.05200004577637,2,2.05200004577637,4432506,1.95405662059784,2025-01-17
2.04200005531311,2.05200004577637,2.0239999294281,2.03600001335144,1695449,1.93882036209106,2025-01-20
2.03600001335144,2.0699999332428,2.02800011634827,2.0699999332428,2618577,1.97119736671448,2025-01-21
2.0699999332428,2.0699999332428,2.02999997138977,2.02999997138977,1634078,1.9331066608429,2025-01-22
2.02600002288818,2.07999992370605,2.0220000743866,2.06599998474121,2600334,1.96738839149475,2025-01-23
2.06800007820129,2.07800006866455,2.03399991989136,2.04999995231628,1651841,1.95215201377869,2025-01-24
2.0460000038147,2.09599995613098,2.0460000038147,2.06800007820129,2272002,1.9692929983139,2025-01-27
2.06800007820129,2.08400011062622,2.06200003623962,2.06200003623962,1156154,1.96357941627502,2025-01-28
2.06399989128113,2.07399988174438,2.04399991035461,2.07399988174438,1392615,1.97500646114349,2025-01-29
2.07999992370605,2.08599996566772,2.06800007820129,2.07999992370605,779124,1.98072016239166,2025-01-30
2.08400011062622,2.09800004959106,2.06599998474121,2.08999991416931,1696352,1.99024283885956,2025-01-31
2.06800007820129,2.09200000762939,2.06800007820129,2.09200000762939,1218872,1.99214744567871,2025-02-03
2.09200000762939,2.09400010108948,2.0699999332428,2.08599996566772,784597,1.98643374443054,2025-02-04
2.07999992370605,2.1159999370575,2.07599997520447,2.11400008201599,1217979,2.01309752464294,2025-02-05
2.11400008201599,2.12400007247925,2.08800005912781,2.09999990463257,1556545,1.99976551532745,2025-02-06
2.11400008201599,2.12599992752075,2.09800004959106,2.09999990463257,1772470,1.99976551532745,2025-02-07
2.10400009155273,2.13000011444092,2.10400009155273,2.12800002098083,1077893,2.02642917633057,2025-02-10
2.12800002098083,2.13800001144409,2.10199999809265,2.10599994659424,1236297,2.00547909736633,2025-02-11
2.11199998855591,2.12599992752075,2.08400011062622,2.08599996566772,1162025,1.98643374443054,2025-02-12
2.09999990463257,2.1159999370575,2.07999992370605,2.09400010108948,1689269,1.99405205249786,2025-02-13
2.08400011062622,2.09200000762939,2.06599998474121,2.08800005912781,3213910,1.98833835124969,2025-02-14
2.08800005912781,2.09400010108948,2.07800006866455,2.07999992370605,660694,1.98072016239166,2025-02-17
2.07800006866455,2.08400011062622,2.06200003623962,2.06800007820129,942128,1.9692929983139,2025-02-18
2.06599998474121,2.09999990463257,2.06200003623962,2.0699999332428,1059077,1.97119736671448,2025-02-19
2.06800007820129,2.09800004959106,2.05800008773804,2.05999994277954,1624049,1.96167469024658,2025-02-20
2.06399989128113,2.08599996566772,2.05599999427795,2.07599997520447,959939,1.97691106796265,2025-02-21
2.09599995613098,2.10400009155273,2.07599997520447,2.08599996566772,1092051,1.98643374443054,2025-02-24
2.09400010108948,2.10800004005432,2.08400011062622,2.08800005912781,852914,1.98833835124969,2025-02-25
2.09800004959106,2.10999989509583,2.08999991416931,2.09400010108948,875971,1.99405205249786,2025-02-26
2.09200000762939,2.11800003051758,2.08800005912781,2.11800003051758,2007440,2.01690649986267,2025-02-27
2.11800003051758,2.13199996948242,2.10800004005432,2.10800004005432,2144226,2.00738382339478,2025-02-28
2.1159999370575,2.12800002098083,2.08999991416931,2.11999988555908,1461439,2.01881074905396,2025-03-03
2.12199997901917,2.14599990844727,2.08999991416931,2.09400010108948,1575067,1.99405205249786,2025-03-04
2.08599996566772,2.08599996566772,2.00999999046326,2.01600003242493,3014326,1.91977500915527,2025-03-05
2.08999991416931,2.15000009536743,2.01999998092651,2.04800009727478,7541683,1.95024764537811,2025-03-06
2.04999995231628,2.08999991416931,2.04399991035461,2.08999991416931,1693590,1.99024283885956,2025-03-07
2.09999990463257,2.14400005340576,2.09599995613098,2.14000010490417,2406127,2.03785634040833,2025-03-10
2.14199995994568,2.16000008583069,2.11800003051758,2.1340000629425,1116565,2.03214287757874,2025-03-11
2.14199995994568,2.16199994087219,2.12400007247925,2.15000009536743,1597842,2.04737901687622,2025-03-12
2.14199995994568,2.17799997329712,2.12400007247925,2.17799997329712,1462560,2.07404255867004,2025-03-13
2.1800000667572,2.19400000572205,2.16400003433228,2.19199991226196,1048837,2.08737421035767,2025-03-14
2.19199991226196,2.22000002861023,2.19000005722046,2.21000003814697,1194844,2.10451531410217,2025-03-17
2.21799993515015,2.2279999256134,2.20000004768372,2.22399997711182,1277836,2.11784696578979,2025-03-18
2.22199988365173,2.23200011253357,2.20600008964539,2.2279999256134,1412324,2.12165594100952,2025-03-19
2.23799991607666,2.24399995803833,2.20000004768372,2.21799993515015,1410118,2.11213326454163,2025-03-20
2.23000001907349,2.24000000953674,2.21600008010864,2.21600008010864,3873909,2.11022877693176,2025-03-21
2.19199991226196,2.25999999046326,2.19199991226196,2.23600006103516,1775487,2.12927412986755,2025-03-24
2.24000000953674,2.28999996185303,2.24000000953674,2.27999997138977,1979884,2.17117404937744,2025-03-25
2.30800008773804,2.32800006866455,2.29999995231628,2.31200003623962,1549219,2.20164680480957,2025-03-26
2.31200003623962,2.33599996566772,2.29999995231628,2.32599997520447,2221597,2.21497845649719,2025-03-27
2.32999992370605,2.38199996948242,2.32399988174438,2.37400007247925,2440065,2.26068735122681,2025-03-28
2.37599992752075,2.39199995994568,2.34999990463257,2.35599994659424,3384174,2.24354648590088,2025-03-31
2.35400009155273,2.38000011444092,2.33200001716614,2.37400007247925,1528290,2.26068735122681,2025-04-01
2.36800003051758,2.37800002098083,2.34999990463257,2.36999988555908,1110441,2.2568781375885,2025-04-02
2.37199997901917,2.43799996376038,2.35199999809265,2.4300000667572,3581594,2.31401443481445,2025-04-03
2.43600010871887,2.43600010871887,2.32599997520447,2.32800006866455,3004937,2.21688294410706,2025-04-04
2.1159999370575,2.24600005149841,2.10999989509583,2.18199992179871,4700218,2.07785153388977,2025-04-07
2.21799993515015,2.2260000705719,2.17600011825562,2.22399997711182,2543651,2.11784696578979,2025-04-08
2.19799995422363,2.22199988365173,2.15799999237061,2.19000005722046,2718321,2.08546996116638,2025-04-09
2.31599998474121,2.3199999332428,2.21600008010864,2.24000000953674,1665823,2.13308334350586,2025-04-10
2.26999998092651,2.28800010681152,2.25799989700317,2.26399993896484,1523930,2.15593767166138,2025-04-11
2.28800010681152,2.29999995231628,2.2720000743866,2.2960000038147,1108441,2.18641042709351,2025-04-14
2.30200004577637,2.34999990463257,2.30200004577637,2.34400010108948,962177,2.23211932182312,2025-04-15
2.36199998855591,2.38800001144409,2.34599995613098,2.37400007247925,816158,2.26068735122681,2025-04-16
2.37800002098083,2.42799997329712,2.35400009155273,2.41000008583069,1836487,2.29496908187866,2025-04-17
2.41000008583069,2.44400000572205,2.38599991798401,2.42199993133545,1672736,2.30639624595642,2025-04-22
2.42799997329712,2.43600010871887,2.39199995994568,2.42400002479553,1531746,2.30830073356628,2025-04-23
2.42000007629395,2.4539999961853,2.40000009536743,2.40000009536743,945991,2.28544640541077,2025-04-24
2.41000008583069,2.43600010871887,2.38599991798401,2.42600011825562,1003699,2.31020545959473,2025-04-25
2.43799996376038,2.47000002861023,2.42199993133545,2.47000002861023,1649965,2.35210514068604,2025-04-28
2.46000003814697,2.48799991607666,2.4539999961853,2.46600008010864,1074931,2.34829616546631,2025-04-29
2.4760000705719,2.51399993896484,2.46799993515015,2.51399993896484,1752733,2.39400506019592,2025-04-30
2.51200008392334,2.5220000743866,2.47399997711182,2.51799988746643,1120290,2.39781403541565,2025-05-02
2.51999998092651,2.53600001335144,2.50799989700317,2.53399991989136,945487,2.41305041313171,2025-05-05
2.5460000038147,2.55999994277954,2.51999998092651,2.53600001335144,1255662,2.41495490074158,2025-05-06
2.5460000038147,2.55200004577637,2.52600002288818,2.55200004577637,1163506,2.43019127845764,2025-05-07
2.53800010681152,2.54200005531311,2.47399997711182,2.49600005149841,1430337,2.37686419487,2025-05-08
2.49399995803833,2.50600004196167,2.48000001907349,2.49000000953674,887981,2.37115049362183,2025-05-09
2.48799991607666,2.50200009346008,2.40400004386902,2.43199992179871,2199161,2.31591892242432,2025-05-12
2.42000007629395,2.44000005722046,2.40799999237061,2.41000008583069,1301813,2.29496908187866,2025-05-13
2.40000009536743,2.43799996376038,2.39000010490417,2.41599988937378,1491267,2.30068254470825,2025-05-14
2.44199991226196,2.47000002861023,2.41199994087219,2.44600009918213,1243956,2.32925081253052,2025-05-15
2.4779999256134,2.51799988746643,2.43400001525879,2.5,3654115,2.3806734085083,2025-05-16
2.51600003242493,2.54999995231628,2.48399996757507,2.54999995231628,1631906,2.42828679084778,2025-05-19
2.54999995231628,2.59599995613098,2.53399991989136,2.59599995613098,1477005,2.47209119796753,2025-05-20
2.59999990463257,2.63000011444092,2.58800005912781,2.63000011444092,1872110,2.50446844100952,2025-05-21
2.60400009155273,2.63599991798401,2.59999990463257,2.63599991798401,1621269,2.51018190383911,2025-05-22
2.65799999237061,2.67600011825562,2.63199996948242,2.65199995040894,1885761,2.52541828155518,2025-05-23
2.66000008583069,2.69199991226196,2.64199995994568,2.67000007629395,2012792,2.5425591468811,2025-05-26
2.68600010871887,2.68600010871887,2.65199995040894,2.67600011825562,1186454,2.54827284812927,2025-05-27
2.69000005722046,2.69600009918213,2.67000007629395,2.68400001525879,1318402,2.55589079856873,2025-05-28
2.67600011825562,2.70000004768372,2.66199994087219,2.6800000667572,1000572,2.552081823349,2025-05-29
2.68799996376038,2.73799991607666,2.67799997329712,2.73799991607666,3519513,2.60731339454651,2025-05-30
2.74000000953674,2.75799989700317,2.7039999961853,2.75399994850159,1445917,2.62254953384399,2025-06-02
2.76600003242493,2.77600002288818,2.72399997711182,2.73200011253357,2549238,2.60159993171692,2025-06-03
2.7260000705719,2.73399996757507,2.70199990272522,2.72399997711182,1703586,2.59398150444031,2025-06-04
2.7279999256134,2.73200011253357,2.68799996376038,2.70000004768372,1184952,2.57112717628479,2025-06-05
2.69400000572205,2.7039999961853,2.67000007629395,2.68799996376038,2468216,2.55969977378845,2025-06-06
2.67400002479553,2.68600010871887,2.65599989891052,2.67199993133545,1216477,2.54446363449097,2025-06-09
2.67600011825562,2.69000005722046,2.65400004386902,2.69000005722046,1715549,2.56160449981689,2025-06-10
2.69000005722046,2.72000002861023,2.66199994087219,2.71799993515015,1115025,2.58826804161072,2025-06-11
2.73000001907349,2.75999999046326,2.71799993515015,2.74200010299683,2395383,2.61112260818481,2025-06-12
2.73399996757507,2.77999997138977,2.71199989318848,2.76600003242493,2292543,2.63397693634033,2025-06-13
2.76999998092651,2.77999997138977,2.73600006103516,2.74799990653992,1809155,2.6168360710144,2025-06-16
2.74799990653992,2.75,2.69600009918213,2.70799994468689,1321498,2.57874536514282,2025-06-17
2.71799993515015,2.72000002861023,2.67600011825562,2.69400000572205,2477085,2.56541347503662,2025-06-18
2.68799996376038,2.69600009918213,2.65799999237061,2.68199992179871,1433800,2.55398631095886,2025-06-19
2.68199992179871,2.70000004768372,2.66400003433228,2.68799996376038,3909736,2.55969977378845,2025-06-20
2.54999995231628,2.59200000762939,2.53200006484985,2.57800006866455,1960798,2.57800006866455,2025-06-23
2.59200000762939,2.60400009155273,2.55599999427795,2.60400009155273,2367829,2.60400009155273,2025-06-24
2.61199998855591,2.61199998855591,2.56800007820129,2.58800005912781,1238042,2.58800005912781,2025-06-25
2.59599995613098,2.61199998855591,2.57999992370605,2.58999991416931,1269773,2.58999991416931,2025-06-26
2.57800006866455,2.60400009155273,2.57599997520447,2.59999990463257,837969,2.59999990463257,2025-06-27
2.59999990463257,2.61999988555908,2.59200000762939,2.61999988555908,1234823,2.61999988555908,2025-06-30
2.63000011444092,2.65599989891052,2.61400008201599,2.63000011444092,1459864,2.63000011444092,2025-07-01
2.63199996948242,2.6340000629425,2.56800007820129,2.56800007820129,1397915,2.56800007820129,2025-07-02
2.56200003623962,2.5699999332428,2.53800010681152,2.54999995231628,994848,2.54999995231628,2025-07-03
2.56200003623962,2.56200003623962,2.52800011634827,2.53800010681152,591572,2.53800010681152,2025-07-04
2.52600002288818,2.54399991035461,2.50799989700317,2.52999997138977,1140616,2.52999997138977,2025-07-07
2.53600001335144,2.53600001335144,2.46600008010864,2.49000000953674,1404898,2.49000000953674,2025-07-08
2.5,2.51799988746643,2.4779999256134,2.49200010299683,1032514,2.49200010299683,2025-07-09
2.50600004196167,2.50600004196167,2.47399997711182,2.49000000953674,834195,2.49000000953674,2025-07-10
2.4779999256134,2.52999997138977,2.4760000705719,2.52999997138977,930072,2.52999997138977,2025-07-11
2.51999998092651,2.53399991989136,2.50600004196167,2.53399991989136,1028981,2.53399991989136,2025-07-14
2.53399991989136,2.54200005531311,2.51999998092651,2.52800011634827,596703,2.52800011634827,2025-07-15
2.54200005531311,2.54800009727478,2.51200008392334,2.53600001335144,833731,2.53600001335144,2025-07-16
2.54399991035461,2.55800008773804,2.5220000743866,2.55200004577637,1206755,2.55200004577637,2025-07-17
2.55599999427795,2.56599998474121,2.52800011634827,2.55800008773804,496820,2.55800008773804,2025-07-18
2.56399989128113,2.56599998474121,2.52600002288818,2.55599999427795,767776,2.55599999427795,2025-07-21
2.55200004577637,2.59200000762939,2.54399991035461,2.58999991416931,1391035,2.58999991416931,2025-07-22
2.59999990463257,2.6340000629425,2.57999992370605,2.58999991416931,1377949,2.58999991416931,2025-07-23
2.58999991416931,2.60800004005432,2.5699999332428,2.59400010108948,1089054,2.59400010108948,2025-07-24
2.60400009155273,2.63599991798401,2.57999992370605,2.62199997901917,1234468,2.62199997901917,2025-07-25
2.64000010490417,2.67000007629395,2.62199997901917,2.62199997901917,1390044,2.62199997901917,2025-07-28
2.63000011444092,2.67199993133545,2.61999988555908,2.67199993133545,1508634,2.67199993133545,2025-07-29
2.6800000667572,2.68199992179871,2.55800008773804,2.56399989128113,4315326,2.56399989128113,2025-07-30
2.58200001716614,2.58200001716614,2.48200011253357,2.50799989700317,1938956,2.50799989700317,2025-07-31
2.48399996757507,2.58400011062622,2.4760000705719,2.5699999332428,1635961,2.5699999332428,2025-08-01
2.57599997520447,2.58599996566772,2.53999996185303,2.55399990081787,1108330,2.55399990081787,2025-08-04
2.54800009727478,2.56399989128113,2.52800011634827,2.56399989128113,836031,2.56399989128113,2025-08-05
2.55599999427795,2.58999991416931,2.5460000038147,2.58400011062622,1461494,2.58400011062622,2025-08-06
2.57399988174438,2.58400011062622,2.50399994850159,2.50399994850159,1209901,2.50399994850159,2025-08-07
2.51999998092651,2.56399989128113,2.51799988746643,2.5220000743866,1168017,2.5220000743866,2025-08-08
2.52800011634827,2.52800011634827,2.49399995803833,2.51799988746643,684640,2.51799988746643,2025-08-11
2.54399991035461,2.54800009727478,2.51200008392334,2.5220000743866,1207925,2.5220000743866,2025-08-12
2.51999998092651,2.55999994277954,2.51999998092651,2.53200006484985,896883,2.53200006484985,2025-08-13
2.52800011634827,2.58200001716614,2.52800011634827,2.5699999332428,956673,2.5699999332428,2025-08-14
2.58800005912781,2.61199998855591,2.57399988174438,2.58400011062622,1391407,2.58400011062622,2025-08-18
2.59999990463257,2.59999990463257,2.56200003623962,2.56200003623962,1119673,2.56200003623962,2025-08-19
2.56200003623962,2.62599992752075,2.56200003623962,2.6159999370575,1119732,2.6159999370575,2025-08-20
2.60999989509583,2.61999988555908,2.58800005912781,2.60599994659424,877975,2.60599994659424,2025-08-21
2.60999989509583,2.62400007247925,2.59999990463257,2.60800004005432,753034,2.60800004005432,2025-08-22
2.59200000762939,2.62199997901917,2.59200000762939,2.60800004005432,1000738,2.60800004005432,2025-08-25
2.61199998855591,2.61199998855591,2.57999992370605,2.59800004959106,697688,2.59800004959106,2025-08-26
2.59800004959106,2.63800001144409,2.59400010108948,2.6340000629425,997534,2.6340000629425,2025-08-27
2.62599992752075,2.64400005340576,2.59200000762939,2.59999990463257,1029341,2.59999990463257,2025-08-28
2.60999989509583,2.60999989509583,2.57999992370605,2.58200001716614,520031,2.58200001716614,2025-08-29
2.59599995613098,2.59999990463257,2.56200003623962,2.57599997520447,791441,2.57599997520447,2025-09-01
2.59599995613098,2.59599995613098,2.5239999294281,2.5239999294281,669346,2.5239999294281,2025-09-02
2.52999997138977,2.55200004577637,2.50600004196167,2.51999998092651,541171,2.51999998092651,2025-09-03
2.51999998092651,2.5699999332428,2.50399994850159,2.54999995231628,521511,2.54999995231628,2025-09-04
2.54999995231628,2.55399990081787,2.5220000743866,2.54999995231628,401924,2.54999995231628,2025-09-05
2.55999994277954,2.58599996566772,2.53999996185303,2.55599999427795,652767,2.55599999427795,2025-09-08
2.55599999427795,2.62199997901917,2.55599999427795,2.60800004005432,1038155,2.60800004005432,2025-09-09
2.59999990463257,2.61999988555908,2.55200004577637,2.55800008773804,672172,2.55800008773804,2025-09-10
2.55599999427795,2.58200001716614,2.55599999427795,2.57999992370605,730763,2.57999992370605,2025-09-11
2.59599995613098,2.61999988555908,2.5699999332428,2.60599994659424,601879,2.60599994659424,2025-09-12
2.62199997901917,2.62199997901917,2.57999992370605,2.59400010108948,480024,2.59400010108948,2025-09-15
2.58999991416931,2.58999991416931,2.56200003623962,2.56599998474121,445545,2.56599998474121,2025-09-16
2.55999994277954,2.57399988174438,2.5460000038147,2.55200004577637,677455,2.55200004577637,2025-09-17
2.55200004577637,2.5699999332428,2.53399991989136,2.53999996185303,611788,2.53999996185303,2025-09-18
2.54399991035461,2.60400009155273,2.54399991035461,2.54999995231628,2731272,2.54999995231628,2025-09-19
2.55599999427795,2.59400010108948,2.54999995231628,2.58800005912781,1188254,2.58800005912781,2025-09-22
2.59800004959106,2.60199999809265,2.55999994277954,2.55999994277954,985814,2.55999994277954,2025-09-23
2.57999992370605,2.61199998855591,2.56200003623962,2.59599995613098,1355577,2.59599995613098,2025-09-24
2.60800004005432,2.60800004005432,2.55999994277954,2.56200003623962,363880,2.56200003623962,2025-09-25
2.55599999427795,2.59200000762939,2.54999995231628,2.58599996566772,511509,2.58599996566772,2025-09-26
2.60400009155273,2.60599994659424,2.57200002670288,2.60599994659424,716478,2.60599994659424,2025-09-29
2.58999991416931,2.6340000629425,2.57999992370605,2.6340000629425,766911,2.6340000629425,2025-09-30
2.63199996948242,2.63599991798401,2.60800004005432,2.63199996948242,624869,2.63199996948242,2025-10-01
2.63000011444092,2.63000011444092,2.57200002670288,2.61199998855591,1554003,2.61199998855591,2025-10-02
2.60400009155273,2.64400005340576,2.59999990463257,2.64400005340576,1190833,2.64400005340576,2025-10-03
2.65000009536743,2.65000009536743,2.61400008201599,2.61999988555908,1163244,2.61999988555908,2025-10-06
2.61999988555908,2.63800001144409,2.60800004005432,2.62599992752075,422011,2.62599992752075,2025-10-07
2.62800002098083,2.65199995040894,2.60800004005432,2.64800000190735,670938,2.64800000190735,2025-10-08
2.64800000190735,2.70000004768372,2.64800000190735,2.67799997329712,1849562,2.67799997329712,2025-10-09
